TB_IDN,ZONE_CODE,COUNT,AREA,MIN,MAX,RANGE,MEAN,STD,SUM,VARIETY,MAJORITY,MINORITY,MEDIAN
801304,1,2,0.005,15183,15399,216,15291.0,108.0,30582.0,2,15183,15183,15183
800603,2,1,0.0025,15330,15330,0,15330.0,0.0,15330.0,1,15330,15330,15330
801904,3,2,0.005,15414,15428,14,15421.0,7.0,30842.0,2,15414,15414,15414
800905,4,4,0.01,15193,15273,80,15239.25,29.1408218827,60957.0,4,15193,15193,15241
800909,5,1,0.0025,15232,15232,0,15232.0,0.0,15232.0,1,15232,15232,15232
801701,6,3,0.0075,15156,15191,35,15169.6666667,15.282524516,45509.0,3,15156,15156,15162
801903,7,1,0.0025,15365,15365,0,15365.0,0.0,15365.0,1,15365,15365,15365
800611,8,2,0.005,15208,15322,114,15265.0,57.0,30530.0,2,15208,15208,15208
801204,9,1,0.0025,15166,15166,0,15166.0,0.0,15166.0,1,15166,15166,15166
801101,10,2,0.005,15234,15254,20,15244.0,10.0,30488.0,2,15234,15234,15234
801302,11,4,0.01,14981,15357,376,15138.75,138.14191073,60555.0,4,14981,14981,15077
802003,12,1,0.0025,15311,15311,0,15311.0,0.0,15311.0,1,15311,15311,15311
801215,13,1,0.0025,15167,15167,0,15167.0,0.0,15167.0,1,15167,15167,15167
801206,14,2,0.005,15167,15175,8,15171.0,4.0,30342.0,2,15167,15167,15167
801207,15,1,0.0025,15300,15300,0,15300.0,0.0,15300.0,1,15300,15300,15300
801217,16,1,0.0025,15116,15116,0,15116.0,0.0,15116.0,1,15116,15116,15116
802001,17,1,0.0025,15367,15367,0,15367.0,0.0,15367.0,1,15367,15367,15367
800305,18,2,0.005,15150,15218,68,15184.0,34.0,30368.0,2,15150,15150,15150
801105,19,4,0.01,15202,15247,45,15222.75,16.02146997,60891.0,4,15202,15202,15220
801212,20,1,0.0025,15221,15221,0,15221.0,0.0,15221.0,1,15221,15221,15221
801003,21,2,0.005,15202,15212,10,15207.0,5.0,30414.0,2,15202,15202,15202
800302,22,3,0.0075,14940,15056,116,14996.0,47.4411916658,44988.0,3,14940,14940,14992
801208,23,1,0.0025,15164,15164,0,15164.0,0.0,15164.0,1,15164,15164,15164
800911,24,4,0.01,15079,15213,134,15165.5,53.5420395577,60662.0,4,15079,15079,15163
801107,25,3,0.0075,15170,15186,16,15180.6666667,7.54247233441,45542.0,2,15186,15170,15186
801213,26,1,0.0025,15156,15156,0,15156.0,0.0,15156.0,1,15156,15156,15156
800912,27,1,0.0025,15231,15231,0,15231.0,0.0,15231.0,1,15231,15231,15231
801218,28,1,0.0025,15193,15193,0,15193.0,0.0,15193.0,1,15193,15193,15193
802301,29,1,0.0025,15183,15183,0,15183.0,0.0,15183.0,1,15183,15183,15183
801301,30,5,0.0125,15136,15321,185,15215.0,60.6135298428,76075.0,5,15136,15136,15201
800906,31,3,0.0075,15063,15346,283,15190.6666667,117.178875609,45572.0,3,15063,15063,15163
801216,32,1,0.0025,15117,15117,0,15117.0,0.0,15117.0,1,15117,15117,15117
801001,33,2,0.005,15160,15178,18,15169.0,9.0,30338.0,2,15160,15160,15160
801303,34,2,0.005,15302,15330,28,15316.0,14.0,30632.0,2,15302,15302,15302
802304,35,1,0.0025,15241,15241,0,15241.0,0.0,15241.0,1,15241,15241,15241
801203,36,1,0.0025,15188,15188,0,15188.0,0.0,15188.0,1,15188,15188,15188
801104,37,4,0.01,15182,15233,51,15214.25,20.2777587519,60857.0,4,15182,15182,15212
801214,38,3,0.0075,14962,15090,128,15012.6666667,55.5537777496,45038.0,3,14962,14962,14986
800407,39,1,0.0025,15210,15210,0,15210.0,0.0,15210.0,1,15210,15210,15210
800112,40,1,0.0025,15334,15334,0,15334.0,0.0,15334.0,1,15334,15334,15334
800304,41,4,0.01,14912,15085,173,14989.25,71.2508771876,59957.0,4,14912,14912,14930
800106,42,2,0.005,15215,15226,11,15220.5,5.5,30441.0,2,15215,15215,15215
800405,43,1,0.0025,15240,15240,0,15240.0,0.0,15240.0,1,15240,15240,15240
800115,44,1,0.0025,15281,15281,0,15281.0,0.0,15281.0,1,15281,15281,15281
801801,45,1,0.0025,15229,15229,0,15229.0,0.0,15229.0,1,15229,15229,15229
800303,46,1,0.0025,15169,15169,0,15169.0,0.0,15169.0,1,15169,15169,15169
801106,47,2,0.005,15263,15268,5,15265.5,2.5,30531.0,2,15263,15263,15263
801103,48,2,0.005,15206,15211,5,15208.5,2.5,30417.0,2,15206,15206,15206
800122,49,2,0.005,15142,15311,169,15226.5,84.5,30453.0,2,15142,15142,15142
802202,50,2,0.005,15209,15217,8,15213.0,4.0,30426.0,2,15209,15209,15209
801210,51,1,0.0025,15327,15327,0,15327.0,0.0,15327.0,1,15327,15327,15327
801002,52,1,0.0025,15164,15164,0,15164.0,0.0,15164.0,1,15164,15164,15164
802004,53,2,0.005,15209,15311,102,15260.0,51.0,30520.0,2,15209,15209,15209
802201,54,7,0.0175,14998,15260,262,15114.4285714,88.8286587328,105801.0,7,14998,14998,15134
801102,55,3,0.0075,15250,15283,33,15261.3333333,15.326085243,45784.0,3,15250,15250,15251
800301,56,2,0.005,15041,15060,19,15050.5,9.5,30101.0,2,15041,15041,15041
800101,57,1,0.0025,15365,15365,0,15365.0,0.0,15365.0,1,15365,15365,15365
800119,58,1,0.0025,15208,15208,0,15208.0,0.0,15208.0,1,15208,15208,15208
800416,59,2,0.005,15249,15263,14,15256.0,7.0,30512.0,2,15249,15249,15249
800113,60,1,0.0025,15410,15410,0,15410.0,0.0,15410.0,1,15410,15410,15410
801202,61,3,0.0075,15103,15328,225,15248.0,102.713192921,45744.0,3,15103,15103,15313
810602,62,4,0.01,15132,15178,46,15159.5,16.9336942219,60638.0,4,15132,15132,15162
810601,63,8,0.02,15057,15162,105,15113.25,32.3795846175,120906.0,8,15057,15057,15106
800807,64,2,0.005,15171,15171,0,15171.0,0.0,30342.0,1,15171,15171,15171
800204,65,3,0.0075,15135,15258,123,15178.0,56.6215506676,45534.0,3,15135,15135,15141
800501,66,2,0.005,14950,15081,131,15015.5,65.5,30031.0,2,14950,14950,14950
800120,67,3,0.0075,15194,15240,46,15215.6666667,18.8738502232,45647.0,3,15194,15194,15213
810301,68,2,0.005,14993,14999,6,14996.0,3.0,29992.0,2,14993,14993,14993
810603,69,3,0.0075,15175,15176,1,15175.3333333,0.471404506742,45526.0,2,15175,15176,15175
800201,70,2,0.005,15161,15259,98,15210.0,49.0,30420.0,2,15161,15161,15161
800205,71,1,0.0025,15240,15240,0,15240.0,0.0,15240.0,1,15240,15240,15240
800403,72,5,0.0125,14846,15245,399,15028.6,147.386023761,75143.0,5,14846,14846,15076
801209,73,1,0.0025,14981,14981,0,14981.0,0.0,14981.0,1,14981,14981,14981
800116,74,3,0.0075,15123,15317,194,15221.6666667,79.235233465,45665.0,3,15123,15123,15225
801803,75,3,0.0075,15171,15230,59,15209.0,26.9196334794,45627.0,3,15171,15171,15226
800410,76,1,0.0025,15250,15250,0,15250.0,0.0,15250.0,1,15250,15250,15250
800406,77,2,0.005,15167,15251,84,15209.0,42.0,30418.0,2,15167,15167,15167
800505,78,2,0.005,15148,15165,17,15156.5,8.5,30313.0,2,15148,15148,15148
800504,79,2,0.005,14990,15200,210,15095.0,105.0,30190.0,2,14990,14990,14990
800121,80,3,0.0075,15120,15262,142,15196.6666667,58.5225502598,45590.0,3,15120,15120,15208
801802,81,2,0.005,15189,15227,38,15208.0,19.0,30416.0,2,15189,15189,15189
800203,82,1,0.0025,15234,15234,0,15234.0,0.0,15234.0,1,15234,15234,15234
800404,83,1,0.0025,15221,15221,0,15221.0,0.0,15221.0,1,15221,15221,15221
800202,84,1,0.0025,15198,15198,0,15198.0,0.0,15198.0,1,15198,15198,15198
800806,85,1,0.0025,15165,15165,0,15165.0,0.0,15165.0,1,15165,15165,15165
802101,86,3,0.0075,15093,15168,75,15143.0,35.3553390593,45429.0,2,15168,15093,15168
802103,87,2,0.005,15320,15323,3,15321.5,1.5,30643.0,2,15320,15320,15320
800803,88,3,0.0075,15191,15240,49,15219.6666667,20.8539897601,45659.0,3,15191,15191,15228
800503,89,6,0.015,15036,15178,142,15099.5,54.7714950195,90597.0,6,15036,15036,15081
800502,90,3,0.0075,14957,15150,193,15061.6666667,79.6338844687,45185.0,3,14957,14957,15078
800801,91,1,0.0025,15241,15241,0,15241.0,0.0,15241.0,1,15241,15241,15241
802104,92,5,0.0125,14999,15241,242,15166.8,91.4645286436,75834.0,5,14999,14999,15224
801403,93,2,0.005,15175,15215,40,15195.0,20.0,30390.0,2,15175,15175,15175
801408,94,4,0.01,14924,15127,203,15049.75,76.0867104033,60199.0,4,14924,14924,15064
802102,95,16,0.04,14896,15156,260,15026.3125,70.3071109046,240421.0,16,14896,14896,15016
801404,96,1,0.0025,15111,15111,0,15111.0,0.0,15111.0,1,15111,15111,15111
800802,97,1,0.0025,15193,15193,0,15193.0,0.0,15193.0,1,15193,15193,15193
801407,98,3,0.0075,14970,15155,185,15078.6666667,78.9106386295,45236.0,3,14970,14970,15111
800811,99,3,0.0075,15032,15216,184,15136.3333333,77.1160741277,45409.0,3,15032,15032,15161
801405,100,2,0.005,15164,15199,35,15181.5,17.5,30363.0,2,15164,15164,15164
800813,101,2,0.005,15178,15207,29,15192.5,14.5,30385.0,2,15178,15178,15178
800804,102,1,0.0025,15272,15272,0,15272.0,0.0,15272.0,1,15272,15272,15272
800409,103,3,0.0075,15068,15179,111,15136.3333333,48.8148429156,45409.0,3,15068,15068,15162
801604,104,3,0.0075,15146,15246,100,15191.3333333,41.3548331179,45574.0,3,15146,15146,15182
800704,105,6,0.015,15055,15259,204,15166.3333333,71.9899684369,90998.0,6,15055,15055,15142
801605,106,1,0.0025,15247,15247,0,15247.0,0.0,15247.0,1,15247,15247,15247
801602,107,1,0.0025,15117,15117,0,15117.0,0.0,15117.0,1,15117,15117,15117
801704,108,3,0.0075,15239,15337,98,15281.0,41.2148840429,45843.0,3,15239,15239,15267
801702,109,8,0.02,15172,15237,65,15196.625,23.6322740125,121573.0,8,15172,15172,15182
801902,110,1,0.0025,15441,15441,0,15441.0,0.0,15441.0,1,15441,15441,15441
801703,111,2,0.005,15246,15283,37,15264.5,18.5,30529.0,2,15246,15246,15246
801603,112,1,0.0025,15152,15152,0,15152.0,0.0,15152.0,1,15152,15152,15152
800910,113,2,0.005,15186,15213,27,15199.5,13.5,30399.0,2,15186,15186,15186
801905,114,2,0.005,15382,15470,88,15426.0,44.0,30852.0,2,15382,15382,15382
800701,115,2,0.005,15260,15320,60,15290.0,30.0,30580.0,2,15260,15260,15260
800908,116,2,0.005,15197,15198,1,15197.5,0.5,30395.0,2,15197,15197,15197
801503,117,3,0.0075,15115,15171,56,15136.0,24.9131825881,45408.0,3,15115,15115,15122
801501,118,3,0.0075,14944,15225,281,15069.3333333,116.705707753,45208.0,3,14944,14944,15039
801502,119,4,0.01,15141,15212,71,15178.75,29.9947912145,60715.0,4,15141,15141,15158
801406,120,5,0.0125,15110,15200,90,15155.6,28.723509535,75778.0,5,15110,15110,15153
801409,121,2,0.005,14890,15162,272,15026.0,136.0,30052.0,2,14890,14890,14890
801402,122,2,0.005,15147,15160,13,15153.5,6.5,30307.0,2,15147,15147,15147
801610,123,1,0.0025,15066,15066,0,15066.0,0.0,15066.0,1,15066,15066,15066
800710,124,3,0.0075,15306,15448,142,15365.3333333,60.2734509455,46096.0,3,15306,15306,15342
800702,125,1,0.0025,15303,15303,0,15303.0,0.0,15303.0,1,15303,15303,15303
800705,126,6,0.015,15130,15450,320,15256.8333333,99.9290025745,91541.0,6,15130,15130,15227
801609,127,3,0.0075,15071,15194,123,15141.6666667,51.8609251323,45425.0,3,15071,15071,15160
800708,128,1,0.0025,15345,15345,0,15345.0,0.0,15345.0,1,15345,15345,15345
800707,129,2,0.005,15096,15288,192,15192.0,96.0,30384.0,2,15096,15096,15096
800711,130,1,0.0025,15360,15360,0,15360.0,0.0,15360.0,1,15360,15360,15360
810304,131,2,0.005,15144,15163,19,15153.5,9.5,30307.0,2,15144,15144,15144
810405,132,4,0.01,15175,15311,136,15240.5,52.3330679399,60962.0,4,15175,15175,15209
810803,133,5,0.0125,15116,15263,147,15182.4,50.8668851023,75912.0,5,15116,15116,15186
810403,134,8,0.02,15113,15345,232,15212.625,61.4775111321,121701.0,8,15113,15113,15205
810302,135,2,0.005,15082,15082,0,15082.0,0.0,30164.0,1,15082,15082,15082
810305,136,2,0.005,15046,15166,120,15106.0,60.0,30212.0,2,15046,15046,15046
810303,137,3,0.0075,15125,15167,42,15150.3333333,18.2086670446,45451.0,3,15125,15125,15159
810404,138,4,0.01,15226,15280,54,15253.75,19.2662269269,61015.0,4,15226,15226,15251
810106,139,4,0.01,15061,15198,137,15121.0,50.709959574,60484.0,4,15061,15061,15095
810801,140,1,0.0025,15171,15171,0,15171.0,0.0,15171.0,1,15171,15171,15171
810115,141,2,0.005,15108,15185,77,15146.5,38.5,30293.0,2,15108,15108,15108
810406,142,6,0.015,15137,15215,78,15179.1666667,28.2041171152,91075.0,6,15137,15137,15177
810805,143,2,0.005,15228,15251,23,15239.5,11.5,30479.0,2,15228,15228,15228
810701,144,2,0.005,15134,15204,70,15169.0,35.0,30338.0,2,15134,15134,15134
810702,145,2,0.005,15202,15210,8,15206.0,4.0,30412.0,2,15202,15202,15202
810703,146,3,0.0075,15113,15199,86,15160.3333333,35.6401770788,45481.0,3,15113,15113,15169
810117,147,3,0.0075,15169,15238,69,15209.6666667,29.4882274066,45629.0,3,15169,15169,15222
810704,148,2,0.005,15167,15184,17,15175.5,8.5,30351.0,2,15167,15167,15167
810402,149,6,0.015,15080,15214,134,15134.8333333,44.3674680617,90809.0,6,15080,15080,15127
810401,150,3,0.0075,15099,15267,168,15195.3333333,70.7687941271,45586.0,3,15099,15099,15220
810806,151,1,0.0025,15218,15218,0,15218.0,0.0,15218.0,1,15218,15218,15218
810116,152,1,0.0025,15111,15111,0,15111.0,0.0,15111.0,1,15111,15111,15111
810118,153,2,0.005,15081,15207,126,15144.0,63.0,30288.0,2,15081,15081,15081
810804,154,1,0.0025,15125,15125,0,15125.0,0.0,15125.0,1,15125,15125,15125
810807,155,2,0.005,15204,15232,28,15218.0,14.0,30436.0,2,15204,15204,15204
810204,156,5,0.0125,15179,15236,57,15208.8,18.1592951402,76044.0,5,15179,15179,15209
810203,157,4,0.01,15175,15226,51,15201.0,18.1245689604,60804.0,4,15175,15175,15199
810201,158,4,0.01,15224,15263,39,15249.5,15.1410039297,60998.0,4,15224,15224,15253
810111,159,5,0.0125,15100,15288,188,15190.4,67.5413947147,75952.0,5,15100,15100,15206
810506,160,2,0.005,15190,15229,39,15209.5,19.5,30419.0,2,15190,15190,15190
810508,161,1,0.0025,15229,15229,0,15229.0,0.0,15229.0,1,15229,15229,15229
810509,162,1,0.0025,15235,15235,0,15235.0,0.0,15235.0,1,15235,15235,15235
810501,163,3,0.0075,15158,15220,62,15194.6666667,26.5497436695,45584.0,3,15158,15158,15206
810202,164,3,0.0075,15171,15190,19,15182.3333333,8.17856276345,45547.0,3,15171,15171,15186
810502,165,4,0.01,15139,15156,17,15148.75,6.17960354715,60595.0,4,15139,15139,15149
810505,166,3,0.0075,14912,15134,222,15024.3333333,90.6507338941,45073.0,3,14912,14912,15027
810504,167,5,0.0125,15087,15226,139,15151.8,56.3041739127,75759.0,5,15087,15087,15142
810105,168,4,0.01,15100,15194,94,15167.0,38.7943294825,60668.0,4,15100,15100,15186
810407,169,5,0.0125,15195,15273,78,15222.6,26.3863601129,76113.0,4,15216,15195,15216
810103,170,6,0.015,15107,15311,204,15242.0,65.1664535376,91452.0,6,15107,15107,15244
810206,171,5,0.0125,15204,15239,35,15215.2,12.6079340096,76076.0,5,15204,15204,15211
810808,172,4,0.01,15217,15253,36,15230.0,13.7477270849,60920.0,4,15217,15217,15223
810507,173,3,0.0075,15126,15155,29,15137.0,12.8322510366,45411.0,3,15126,15126,15130
810503,174,2,0.005,15160,15172,12,15166.0,6.0,30332.0,2,15160,15160,15160
810205,175,9,0.0225,15055,15257,202,15167.7777778,64.5648300854,136510.0,9,15055,15055,15184
810604,176,3,0.0075,15142,15179,37,15163.6666667,15.7550697316,45491.0,3,15142,15142,15170
802303,177,3,0.0075,15174,15252,78,15214.3333333,31.8991466272,45643.0,3,15174,15174,15217
800904,178,1,0.0025,15255,15255,0,15255.0,0.0,15255.0,1,15255,15255,15255
800607,179,1,0.0025,15258,15258,0,15258.0,0.0,15258.0,1,15258,15258,15258
801611,180,1,0.0025,15203,15203,0,15203.0,0.0,15203.0,1,15203,15203,15203
801608,181,1,0.0025,15238,15238,0,15238.0,0.0,15238.0,1,15238,15238,15238
800606,182,1,0.0025,15164,15164,0,15164.0,0.0,15164.0,1,15164,15164,15164
800913,183,5,0.0125,15112,15215,103,15169.6,36.4340500083,75848.0,5,15112,15112,15161
800601,184,1,0.0025,15207,15207,0,15207.0,0.0,15207.0,1,15207,15207,15207
800903,185,1,0.0025,15264,15264,0,15264.0,0.0,15264.0,1,15264,15264,15264
801305,186,2,0.005,15198,15217,19,15207.5,9.5,30415.0,2,15198,15198,15198
801306,187,1,0.0025,15329,15329,0,15329.0,0.0,15329.0,1,15329,15329,15329
800902,188,1,0.0025,15216,15216,0,15216.0,0.0,15216.0,1,15216,15216,15216
800605,189,1,0.0025,15184,15184,0,15184.0,0.0,15184.0,1,15184,15184,15184
800612,190,2,0.005,15219,15247,28,15233.0,14.0,30466.0,2,15219,15219,15219
801906,191,1,0.0025,15171,15171,0,15171.0,0.0,15171.0,1,15171,15171,15171
800613,192,2,0.005,15162,15290,128,15226.0,64.0,30452.0,2,15162,15162,15162
801606,193,1,0.0025,15224,15224,0,15224.0,0.0,15224.0,1,15224,15224,15224
800706,194,4,0.01,15232,15360,128,15284.75,47.746073137,61139.0,4,15232,15232,15259
800907,195,2,0.005,15240,15245,5,15242.5,2.5,30485.0,2,15240,15240,15240
801601,196,2,0.005,15198,15223,25,15210.5,12.5,30421.0,2,15198,15198,15198
