TB_IDN,ZONE_CODE,COUNT,AREA,MIN,MAX,RANGE,MEAN,STD,SUM,VARIETY,MAJORITY,MINORITY,MEDIAN
801304,1,2,0.005,15325,15371,46,15348.0,23.0,30696.0,2,15325,15325,15325
800603,2,1,0.0025,15310,15310,0,15310.0,0.0,15310.0,1,15310,15310,15310
801904,3,2,0.005,15149,15179,30,15164.0,15.0,30328.0,2,15149,15149,15149
800905,4,4,0.01,15079,15117,38,15097.0,14.8996644258,60388.0,4,15079,15079,15087
800909,5,1,0.0025,15091,15091,0,15091.0,0.0,15091.0,1,15091,15091,15091
801701,6,3,0.0075,15084,15090,6,15087.6666667,2.62466929638,45263.0,3,15084,15084,15089
801903,7,1,0.0025,15191,15191,0,15191.0,0.0,15191.0,1,15191,15191,15191
800611,8,2,0.005,15181,15189,8,15185.0,4.0,30370.0,2,15181,15181,15181
801204,9,1,0.0025,15092,15092,0,15092.0,0.0,15092.0,1,15092,15092,15092
801101,10,2,0.005,15024,15048,24,15036.0,12.0,30072.0,2,15024,15024,15024
801302,11,4,0.01,14640,15096,456,14917.5,168.648302689,59670.0,3,14967,14640,14967
802003,12,1,0.0025,15195,15195,0,15195.0,0.0,15195.0,1,15195,15195,15195
801215,13,1,0.0025,15227,15227,0,15227.0,0.0,15227.0,1,15227,15227,15227
801206,14,2,0.005,15066,15144,78,15105.0,39.0,30210.0,2,15066,15066,15066
801207,15,1,0.0025,15174,15174,0,15174.0,0.0,15174.0,1,15174,15174,15174
801217,16,1,0.0025,15078,15078,0,15078.0,0.0,15078.0,1,15078,15078,15078
802001,17,1,0.0025,15298,15298,0,15298.0,0.0,15298.0,1,15298,15298,15298
800305,18,2,0.005,15099,15185,86,15142.0,43.0,30284.0,2,15099,15099,15099
801105,19,4,0.01,14960,14998,38,14984.0,14.4048602909,59936.0,4,14960,14960,14987
801212,20,1,0.0025,15177,15177,0,15177.0,0.0,15177.0,1,15177,15177,15177
801003,21,2,0.005,14936,15008,72,14972.0,36.0,29944.0,2,14936,14936,14936
800302,22,3,0.0075,14803,14984,181,14919.6666667,82.6411250866,44759.0,3,14803,14803,14972
801208,23,1,0.0025,15203,15203,0,15203.0,0.0,15203.0,1,15203,15203,15203
800911,24,4,0.01,14976,15070,94,15016.5,37.5666075125,60066.0,4,14976,14976,14987
801107,25,3,0.0075,14927,14977,50,14955.0,20.8486610281,44865.0,3,14927,14927,14961
801213,26,1,0.0025,15078,15078,0,15078.0,0.0,15078.0,1,15078,15078,15078
800912,27,1,0.0025,14999,14999,0,14999.0,0.0,14999.0,1,14999,14999,14999
801218,28,1,0.0025,15199,15199,0,15199.0,0.0,15199.0,1,15199,15199,15199
802301,29,1,0.0025,15159,15159,0,15159.0,0.0,15159.0,1,15159,15159,15159
801301,30,5,0.0125,15062,15382,320,15188.8,127.676779408,75944.0,5,15062,15062,15146
800906,31,3,0.0075,14831,15098,267,14981.6666667,111.673134141,44945.0,3,14831,14831,15016
801001,33,2,0.005,15006,15070,64,15038.0,32.0,30076.0,2,15006,15006,15006
801303,34,1,0.0025,15122,15122,0,15122.0,0.0,15122.0,1,15122,15122,15122
801203,36,1,0.0025,15002,15002,0,15002.0,0.0,15002.0,1,15002,15002,15002
801104,37,4,0.01,14961,15032,71,15007.25,27.7522521609,60029.0,4,14961,14961,15011
801214,38,3,0.0075,15063,15205,142,15141.0,58.810429914,45423.0,3,15063,15063,15155
800407,39,1,0.0025,14977,14977,0,14977.0,0.0,14977.0,1,14977,14977,14977
800112,40,1,0.0025,15120,15120,0,15120.0,0.0,15120.0,1,15120,15120,15120
800304,41,4,0.01,14824,15090,266,14998.0,106.05423141,59992.0,4,14824,14824,15001
800106,42,2,0.005,15298,15373,75,15335.5,37.5,30671.0,2,15298,15298,15298
800405,43,1,0.0025,15122,15122,0,15122.0,0.0,15122.0,1,15122,15122,15122
800115,44,1,0.0025,15375,15375,0,15375.0,0.0,15375.0,1,15375,15375,15375
801801,45,1,0.0025,15055,15055,0,15055.0,0.0,15055.0,1,15055,15055,15055
800303,46,1,0.0025,15098,15098,0,15098.0,0.0,15098.0,1,15098,15098,15098
801106,47,2,0.005,15067,15126,59,15096.5,29.5,30193.0,2,15067,15067,15067
801103,48,2,0.005,14986,15055,69,15020.5,34.5,30041.0,2,14986,14986,14986
800122,49,2,0.005,15140,15171,31,15155.5,15.5,30311.0,2,15140,15140,15140
802202,50,2,0.005,14801,14947,146,14874.0,73.0,29748.0,2,14801,14801,14801
801210,51,1,0.0025,15217,15217,0,15217.0,0.0,15217.0,1,15217,15217,15217
801002,52,1,0.0025,14996,14996,0,14996.0,0.0,14996.0,1,14996,14996,14996
802004,53,1,0.0025,15171,15171,0,15171.0,0.0,15171.0,1,15171,15171,15171
802201,54,7,0.0175,14674,14927,253,14821.8571429,80.4157564011,103753.0,7,14674,14674,14842
801102,55,3,0.0075,14816,15031,215,14887.6666667,101.35197197,44663.0,2,14816,15031,14816
800301,56,2,0.005,14866,14923,57,14894.5,28.5,29789.0,2,14866,14866,14866
800101,57,1,0.0025,15328,15328,0,15328.0,0.0,15328.0,1,15328,15328,15328
800119,58,1,0.0025,15228,15228,0,15228.0,0.0,15228.0,1,15228,15228,15228
800416,59,2,0.005,14970,15008,38,14989.0,19.0,29978.0,2,14970,14970,14970
800113,60,1,0.0025,15259,15259,0,15259.0,0.0,15259.0,1,15259,15259,15259
801202,61,3,0.0075,15128,15209,81,15166.3333333,33.209770985,45499.0,3,15128,15128,15162
810602,62,4,0.01,14901,15162,261,15063.0,97.5217924364,60252.0,4,14901,14901,15092
810601,63,8,0.02,14941,15119,178,15067.375,53.0870452653,120539.0,8,14941,14941,15085
800807,64,2,0.005,15236,15253,17,15244.5,8.5,30489.0,2,15236,15236,15236
800204,65,3,0.0075,14966,15186,220,15104.6666667,98.5404598236,45314.0,3,14966,14966,15162
800501,66,2,0.005,14906,14988,82,14947.0,41.0,29894.0,2,14906,14906,14906
800120,67,3,0.0075,15298,15365,67,15322.0,30.4740326617,45966.0,3,15298,15298,15303
810301,68,2,0.005,14853,14912,59,14882.5,29.5,29765.0,2,14853,14853,14853
810603,69,3,0.0075,14946,15117,171,15060.0,80.6101730553,45180.0,2,15117,14946,15117
800201,70,2,0.005,15140,15225,85,15182.5,42.5,30365.0,2,15140,15140,15140
800205,71,1,0.0025,15288,15288,0,15288.0,0.0,15288.0,1,15288,15288,15288
800403,72,5,0.0125,14826,15073,247,14971.4,82.932743835,74857.0,5,14826,14826,15004
801209,73,1,0.0025,15048,15048,0,15048.0,0.0,15048.0,1,15048,15048,15048
800116,74,3,0.0075,15123,15371,248,15238.3333333,101.984748315,45715.0,3,15123,15123,15221
801803,75,3,0.0075,15089,15138,49,15106.0,22.642143597,45318.0,3,15089,15089,15091
800410,76,1,0.0025,15116,15116,0,15116.0,0.0,15116.0,1,15116,15116,15116
800406,77,2,0.005,15132,15174,42,15153.0,21.0,30306.0,2,15132,15132,15132
800505,78,2,0.005,15080,15109,29,15094.5,14.5,30189.0,2,15080,15080,15080
800504,79,2,0.005,15001,15118,117,15059.5,58.5,30119.0,2,15001,15001,15001
800121,80,3,0.0075,15257,15406,149,15327.0,61.1609897456,45981.0,3,15257,15257,15318
801802,81,2,0.005,15114,15139,25,15126.5,12.5,30253.0,2,15114,15114,15114
800203,82,1,0.0025,15303,15303,0,15303.0,0.0,15303.0,1,15303,15303,15303
800404,83,1,0.0025,15109,15109,0,15109.0,0.0,15109.0,1,15109,15109,15109
800202,84,1,0.0025,15236,15236,0,15236.0,0.0,15236.0,1,15236,15236,15236
800806,85,1,0.0025,15262,15262,0,15262.0,0.0,15262.0,1,15262,15262,15262
802101,86,3,0.0075,15033,15185,152,15134.3333333,71.6534871601,45403.0,2,15185,15033,15185
802103,87,2,0.005,15294,15301,7,15297.5,3.5,30595.0,2,15294,15294,15294
800803,88,3,0.0075,15231,15371,140,15283.6666667,62.189674027,45851.0,3,15231,15231,15249
800503,89,6,0.015,14981,15130,149,15042.8333333,47.8449463254,90257.0,6,14981,14981,15036
800502,90,3,0.0075,14908,15122,214,15014.3333333,87.3702212172,45043.0,3,14908,14908,15013
800801,91,1,0.0025,15337,15337,0,15337.0,0.0,15337.0,1,15337,15337,15337
802104,92,5,0.0125,15010,15238,228,15161.0,82.4475590906,75805.0,5,15010,15010,15168
801403,93,2,0.005,15144,15159,15,15151.5,7.5,30303.0,2,15144,15144,15144
801408,94,4,0.01,14999,15105,106,15052.0,37.4766594029,60208.0,3,15052,14999,15052
802102,95,16,0.04,14897,15151,254,15036.375,68.513570736,240582.0,16,14897,14897,15044
801404,96,1,0.0025,15269,15269,0,15269.0,0.0,15269.0,1,15269,15269,15269
800802,97,1,0.0025,15228,15228,0,15228.0,0.0,15228.0,1,15228,15228,15228
801407,98,3,0.0075,15024,15212,188,15134.3333333,80.151245918,45403.0,3,15024,15024,15167
800811,99,3,0.0075,15095,15257,162,15202.6666667,76.1329246926,45608.0,3,15095,15095,15256
801405,100,2,0.005,15271,15365,94,15318.0,47.0,30636.0,2,15271,15271,15271
800813,101,2,0.005,15323,15350,27,15336.5,13.5,30673.0,2,15323,15323,15323
800804,102,1,0.0025,15331,15331,0,15331.0,0.0,15331.0,1,15331,15331,15331
800409,103,3,0.0075,15062,15132,70,15089.0,30.7354301526,45267.0,3,15062,15062,15073
801604,104,3,0.0075,15074,15392,318,15254.6666667,133.389987964,45764.0,3,15074,15074,15298
800704,105,6,0.015,15109,15445,336,15252.3333333,108.753033163,91514.0,6,15109,15109,15226
801605,106,1,0.0025,15521,15521,0,15521.0,0.0,15521.0,1,15521,15521,15521
801602,107,1,0.0025,15365,15365,0,15365.0,0.0,15365.0,1,15365,15365,15365
801704,108,3,0.0075,15117,15172,55,15136.0,25.4689353265,45408.0,3,15117,15117,15119
801702,109,8,0.02,15041,15120,79,15092.625,25.4849833235,120741.0,7,15120,15041,15086
801902,110,1,0.0025,15165,15165,0,15165.0,0.0,15165.0,1,15165,15165,15165
801703,111,2,0.005,15102,15108,6,15105.0,3.0,30210.0,2,15102,15102,15102
801603,112,1,0.0025,15210,15210,0,15210.0,0.0,15210.0,1,15210,15210,15210
800910,113,2,0.005,15027,15100,73,15063.5,36.5,30127.0,2,15027,15027,15027
801905,114,2,0.005,15113,15161,48,15137.0,24.0,30274.0,2,15113,15113,15113
800701,115,2,0.005,15175,15391,216,15283.0,108.0,30566.0,2,15175,15175,15175
800908,116,2,0.005,15077,15091,14,15084.0,7.0,30168.0,2,15077,15077,15077
801503,117,3,0.0075,15109,15184,75,15140.3333333,31.8363872879,45421.0,3,15109,15109,15128
801501,118,3,0.0075,15205,15277,72,15235.3333333,30.4667396058,45706.0,3,15205,15205,15224
801502,119,4,0.01,15155,15245,90,15210.0,35.9583091927,60840.0,4,15155,15155,15201
801406,120,5,0.0125,15101,15309,208,15224.6,98.9517053921,76123.0,5,15101,15101,15299
801409,121,2,0.005,15132,15214,82,15173.0,41.0,30346.0,2,15132,15132,15132
801402,122,2,0.005,15153,15164,11,15158.5,5.5,30317.0,2,15153,15153,15153
801610,123,1,0.0025,15228,15228,0,15228.0,0.0,15228.0,1,15228,15228,15228
800710,124,3,0.0075,15065,15140,75,15108.6666667,31.8363872885,45326.0,3,15065,15065,15121
800702,125,1,0.0025,15256,15256,0,15256.0,0.0,15256.0,1,15256,15256,15256
800705,126,6,0.015,15178,15245,67,15207.1666667,29.2541545012,91243.0,5,15178,15183,15183
801609,127,3,0.0075,15168,15258,90,15206.6666667,37.8182789435,45620.0,3,15168,15168,15194
800708,128,1,0.0025,15219,15219,0,15219.0,0.0,15219.0,1,15219,15219,15219
800707,129,2,0.005,15081,15189,108,15135.0,54.0,30270.0,2,15081,15081,15081
800711,130,1,0.0025,15150,15150,0,15150.0,0.0,15150.0,1,15150,15150,15150
810304,131,2,0.005,15040,15055,15,15047.5,7.5,30095.0,2,15040,15040,15040
810405,132,4,0.01,14914,15028,114,14976.5,40.7768316572,59906.0,4,14914,14914,14978
810803,133,5,0.0125,14808,15115,307,14960.6,116.162988942,74803.0,5,14808,14808,14941
810403,134,8,0.02,14921,15088,167,15029.875,51.7311257852,120239.0,8,14921,14921,15040
810302,135,2,0.005,14986,14986,0,14986.0,0.0,29972.0,1,14986,14986,14986
810305,136,2,0.005,14909,14924,15,14916.5,7.5,29833.0,2,14909,14909,14909
810303,137,3,0.0075,14907,15041,134,14990.0,59.2002252248,44970.0,3,14907,14907,15022
810404,138,4,0.01,14921,15033,112,14967.5,41.2158949921,59870.0,4,14921,14921,14949
810106,139,4,0.01,15027,15060,33,15044.75,11.9242400177,60179.0,4,15027,15027,15043
810801,140,1,0.0025,15100,15100,0,15100.0,0.0,15100.0,1,15100,15100,15100
810115,141,2,0.005,15066,15077,11,15071.5,5.5,30143.0,2,15066,15066,15066
810406,142,6,0.015,14992,15074,82,15042.1666667,31.861244309,90253.0,6,14992,14992,15036
810805,143,2,0.005,15040,15065,25,15052.5,12.5,30105.0,2,15040,15040,15040
810701,144,2,0.005,15067,15080,13,15073.5,6.5,30147.0,2,15067,15067,15067
810702,145,2,0.005,15022,15058,36,15040.0,18.0,30080.0,2,15022,15022,15022
810703,146,3,0.0075,14985,15071,86,15042.3333333,40.5407887879,45127.0,2,15071,14985,15071
810117,147,3,0.0075,15024,15120,96,15074.3333333,39.330508373,45223.0,3,15024,15024,15079
810704,148,2,0.005,15022,15080,58,15051.0,29.0,30102.0,2,15022,15022,15022
810402,149,6,0.015,14957,15100,143,15048.0,45.1257502246,90288.0,6,14957,14957,15054
810401,150,3,0.0075,14867,15031,164,14947.6666667,66.9792671074,44843.0,3,14867,14867,14945
810806,151,1,0.0025,14967,14967,0,14967.0,0.0,14967.0,1,14967,14967,14967
810116,152,1,0.0025,15089,15089,0,15089.0,0.0,15089.0,1,15089,15089,15089
810118,153,2,0.005,15110,15152,42,15131.0,21.0,30262.0,2,15110,15110,15110
810804,154,1,0.0025,15139,15139,0,15139.0,0.0,15139.0,1,15139,15139,15139
810807,155,2,0.005,14955,15135,180,15045.0,90.0,30090.0,2,14955,14955,14955
810204,156,5,0.0125,14996,15056,60,15018.2,21.9125534795,75091.0,5,14996,14996,15011
810203,157,4,0.01,14989,15045,56,15013.25,22.2977016753,60053.0,4,14989,14989,14996
810201,158,4,0.01,15040,15109,69,15071.0,29.3342802877,60284.0,4,15040,15040,15045
810111,159,5,0.0125,14962,15079,117,15027.2,43.4851698857,75136.0,5,14962,14962,15029
810506,160,2,0.005,15061,15067,6,15064.0,3.0,30128.0,2,15061,15061,15061
810508,161,1,0.0025,15067,15067,0,15067.0,0.0,15067.0,1,15067,15067,15067
810509,162,1,0.0025,15040,15040,0,15040.0,0.0,15040.0,1,15040,15040,15040
810501,163,3,0.0075,15062,15145,83,15089.6666667,39.126575226,45269.0,2,15062,15145,15062
810202,164,3,0.0075,15023,15049,26,15038.3333333,11.1155546664,45115.0,3,15023,15023,15043
810502,165,4,0.01,15089,15149,60,15113.0,23.885141825,60452.0,4,15089,15089,15094
810505,166,2,0.005,15068,15127,59,15097.5,29.5,30195.0,2,15068,15068,15068
810504,167,5,0.0125,15056,15101,45,15073.8,14.7972970502,75369.0,5,15056,15056,15070
810105,168,4,0.01,14962,15141,179,15083.0,72.9554658679,60332.0,4,14962,14962,15089
810407,169,5,0.0125,15003,15083,80,15035.2,26.5736711801,75176.0,5,15003,15003,15030
810103,170,6,0.015,15024,15097,73,15062.8333333,27.7333533651,90377.0,6,15024,15024,15060
810206,171,5,0.0125,14957,15071,114,15014.4,42.8747011653,75072.0,5,14957,14957,15019
810808,172,4,0.01,15010,15119,109,15077.75,40.9046146541,60311.0,4,15010,15010,15086
810507,173,3,0.0075,15048,15119,71,15076.3333333,30.7064958743,45229.0,3,15048,15048,15062
810503,174,2,0.005,15114,15146,32,15130.0,16.0,30260.0,2,15114,15114,15114
810205,175,9,0.0225,15000,15123,123,15077.4444444,36.4298751364,135697.0,9,15000,15000,15087
810604,176,3,0.0075,15086,15168,82,15125.0,33.5956346371,45375.0,3,15086,15086,15121
802303,177,3,0.0075,15166,15331,165,15248.6666667,67.3613802975,45746.0,3,15166,15166,15249
800904,178,1,0.0025,15114,15114,0,15114.0,0.0,15114.0,1,15114,15114,15114
800607,179,1,0.0025,15188,15188,0,15188.0,0.0,15188.0,1,15188,15188,15188
801611,180,1,0.0025,15282,15282,0,15282.0,0.0,15282.0,1,15282,15282,15282
801608,181,1,0.0025,15252,15252,0,15252.0,0.0,15252.0,1,15252,15252,15252
800606,182,1,0.0025,15238,15238,0,15238.0,0.0,15238.0,1,15238,15238,15238
800913,183,5,0.0125,14977,15093,116,15035.6,43.5228675527,75178.0,5,14977,14977,15026
800601,184,1,0.0025,15211,15211,0,15211.0,0.0,15211.0,1,15211,15211,15211
800903,185,1,0.0025,15070,15070,0,15070.0,0.0,15070.0,1,15070,15070,15070
801305,186,2,0.005,15331,15383,52,15357.0,26.0,30714.0,2,15331,15331,15331
801306,187,1,0.0025,15273,15273,0,15273.0,0.0,15273.0,1,15273,15273,15273
800902,188,1,0.0025,15072,15072,0,15072.0,0.0,15072.0,1,15072,15072,15072
800605,189,1,0.0025,15189,15189,0,15189.0,0.0,15189.0,1,15189,15189,15189
800612,190,2,0.005,15146,15153,7,15149.5,3.5,30299.0,2,15146,15146,15146
801906,191,1,0.0025,15101,15101,0,15101.0,0.0,15101.0,1,15101,15101,15101
800613,192,2,0.005,15193,15412,219,15302.5,109.5,30605.0,2,15193,15193,15193
801606,193,1,0.0025,15158,15158,0,15158.0,0.0,15158.0,1,15158,15158,15158
800706,194,4,0.01,15325,15480,155,15402.75,55.688306672,61611.0,4,15325,15325,15389
800907,195,2,0.005,15095,15099,4,15097.0,2.0,30194.0,2,15095,15095,15095
801601,196,2,0.005,15168,15357,189,15262.5,94.5,30525.0,2,15168,15168,15168
