TB_IDN,ZONE_CODE,COUNT,AREA,MIN,MAX,RANGE,MEAN,STD,SUM,VARIETY,MAJORITY,MINORITY,MEDIAN
801304,1,2,0.005,15049,15056,7,15052.5,3.5,30105.0,2,15049,15049,15049
800603,2,1,0.0025,15195,15195,0,15195.0,0.0,15195.0,1,15195,15195,15195
801904,3,2,0.005,14944,15040,96,14992.0,48.0,29984.0,2,14944,14944,14944
801903,7,1,0.0025,15040,15040,0,15040.0,0.0,15040.0,1,15040,15040,15040
800611,8,2,0.005,15227,15301,74,15264.0,37.0,30528.0,2,15227,15227,15227
801204,9,1,0.0025,15139,15139,0,15139.0,0.0,15139.0,1,15139,15139,15139
801302,11,4,0.01,15022,15231,209,15146.75,79.8885943048,60587.0,4,15022,15022,15135
802003,12,1,0.0025,15133,15133,0,15133.0,0.0,15133.0,1,15133,15133,15133
801215,13,1,0.0025,15203,15203,0,15203.0,0.0,15203.0,1,15203,15203,15203
801206,14,2,0.005,15124,15228,104,15176.0,52.0,30352.0,2,15124,15124,15124
801207,15,1,0.0025,15188,15188,0,15188.0,0.0,15188.0,1,15188,15188,15188
801217,16,1,0.0025,15054,15054,0,15054.0,0.0,15054.0,1,15054,15054,15054
802001,17,1,0.0025,15275,15275,0,15275.0,0.0,15275.0,1,15275,15275,15275
800305,18,2,0.005,15182,15255,73,15218.5,36.5,30437.0,2,15182,15182,15182
801212,20,1,0.0025,15172,15172,0,15172.0,0.0,15172.0,1,15172,15172,15172
800302,22,3,0.0075,14951,15136,185,15028.6666667,78.3850892852,45086.0,3,14951,14951,14999
801208,23,1,0.0025,15062,15062,0,15062.0,0.0,15062.0,1,15062,15062,15062
800911,24,3,0.0075,14812,15135,323,14975.0,131.881259725,44925.0,3,14812,14812,14978
801213,26,1,0.0025,15116,15116,0,15116.0,0.0,15116.0,1,15116,15116,15116
801218,28,1,0.0025,15187,15187,0,15187.0,0.0,15187.0,1,15187,15187,15187
802301,29,1,0.0025,15207,15207,0,15207.0,0.0,15207.0,1,15207,15207,15207
801301,30,4,0.01,15042,15304,262,15175.75,97.6431641233,60703.0,4,15042,15042,15135
800906,31,1,0.0025,14920,14920,0,14920.0,0.0,14920.0,1,14920,14920,14920
801216,32,1,0.0025,15054,15054,0,15054.0,0.0,15054.0,1,15054,15054,15054
801303,34,2,0.005,15091,15099,8,15095.0,4.0,30190.0,2,15091,15091,15091
802304,35,1,0.0025,15155,15155,0,15155.0,0.0,15155.0,1,15155,15155,15155
801203,36,1,0.0025,15121,15121,0,15121.0,0.0,15121.0,1,15121,15121,15121
801214,38,3,0.0075,14747,15013,266,14901.6666667,112.834194975,44705.0,3,14747,14747,14945
800112,40,1,0.0025,15135,15135,0,15135.0,0.0,15135.0,1,15135,15135,15135
800304,41,1,0.0025,14999,14999,0,14999.0,0.0,14999.0,1,14999,14999,14999
800106,42,2,0.005,15220,15249,29,15234.5,14.5,30469.0,2,15220,15220,15220
800115,44,1,0.0025,15144,15144,0,15144.0,0.0,15144.0,1,15144,15144,15144
800303,46,1,0.0025,15119,15119,0,15119.0,0.0,15119.0,1,15119,15119,15119
800122,49,2,0.005,15253,15258,5,15255.5,2.5,30511.0,2,15253,15253,15253
801210,51,1,0.0025,15128,15128,0,15128.0,0.0,15128.0,1,15128,15128,15128
802004,53,2,0.005,15178,15258,80,15218.0,40.0,30436.0,2,15178,15178,15178
802201,54,1,0.0025,14920,14920,0,14920.0,0.0,14920.0,1,14920,14920,14920
800301,56,2,0.005,14860,15050,190,14955.0,95.0,29910.0,2,14860,14860,14860
800101,57,1,0.0025,15227,15227,0,15227.0,0.0,15227.0,1,15227,15227,15227
800119,58,1,0.0025,15203,15203,0,15203.0,0.0,15203.0,1,15203,15203,15203
800113,60,1,0.0025,15222,15222,0,15222.0,0.0,15222.0,1,15222,15222,15222
801202,61,3,0.0075,15035,15272,237,15131.3333333,101.706549554,45394.0,3,15035,15035,15087
810602,62,2,0.005,14804,14860,56,14832.0,28.0,29664.0,2,14804,14804,14804
810601,63,2,0.005,14804,14860,56,14832.0,28.0,29664.0,2,14804,14804,14804
800807,64,1,0.0025,15097,15097,0,15097.0,0.0,15097.0,1,15097,15097,15097
800501,66,2,0.005,15019,15019,0,15019.0,0.0,30038.0,1,15019,15019,15019
800120,67,3,0.0075,15019,15306,287,15126.0,128.033849691,45378.0,3,15019,15019,15053
810301,68,2,0.005,14926,14939,13,14932.5,6.5,29865.0,2,14926,14926,14926
810603,69,3,0.0075,14781,14855,74,14830.3333333,34.8839345383,44491.0,2,14855,14781,14855
800201,70,1,0.0025,14955,14955,0,14955.0,0.0,14955.0,1,14955,14955,14955
800205,71,1,0.0025,15067,15067,0,15067.0,0.0,15067.0,1,15067,15067,15067
801209,73,1,0.0025,15074,15074,0,15074.0,0.0,15074.0,1,15074,15074,15074
800116,74,3,0.0075,15133,15295,162,15194.6666667,71.5650442296,45584.0,3,15133,15133,15156
801803,75,1,0.0025,14971,14971,0,14971.0,0.0,14971.0,1,14971,14971,14971
800406,77,1,0.0025,14995,14995,0,14995.0,0.0,14995.0,1,14995,14995,14995
800505,78,1,0.0025,15019,15019,0,15019.0,0.0,15019.0,1,15019,15019,15019
800121,80,3,0.0075,15053,15213,160,15131.0,65.3809350397,45393.0,3,15053,15053,15127
801802,81,1,0.0025,14971,14971,0,14971.0,0.0,14971.0,1,14971,14971,14971
800203,82,1,0.0025,15019,15019,0,15019.0,0.0,15019.0,1,15019,15019,15019
800202,84,1,0.0025,14948,14948,0,14948.0,0.0,14948.0,1,14948,14948,14948
800806,85,1,0.0025,15100,15100,0,15100.0,0.0,15100.0,1,15100,15100,15100
802101,86,3,0.0075,14774,14974,200,14907.3333333,94.2809041581,44722.0,2,14974,14774,14974
802103,87,2,0.005,15024,15063,39,15043.5,19.5,30087.0,2,15024,15024,15024
800803,88,3,0.0075,14998,15133,135,15048.3333333,60.2236572194,45145.0,3,14998,14998,15014
800503,89,5,0.0125,14876,14989,113,14949.4,46.7358534747,74747.0,4,14989,14876,14981
800801,91,1,0.0025,15132,15132,0,15132.0,0.0,15132.0,1,15132,15132,15132
802104,92,5,0.0125,14912,15013,101,14970.6,36.3130830419,74853.0,5,14912,14912,14972
801403,93,1,0.0025,14833,14833,0,14833.0,0.0,14833.0,1,14833,14833,14833
802102,95,4,0.01,14811,15021,210,14890.0,80.4767047039,59560.0,4,14811,14811,14840
800802,97,1,0.0025,14803,14803,0,14803.0,0.0,14803.0,1,14803,14803,14803
801407,98,2,0.005,14771,14823,52,14797.0,26.0,29594.0,2,14771,14771,14771
800811,99,3,0.0075,14840,15027,187,14906.3333333,85.464742568,44719.0,3,14840,14840,14852
801405,100,2,0.005,14659,14812,153,14735.5,76.5,29471.0,2,14659,14659,14659
800813,101,2,0.005,15092,15106,14,15099.0,7.0,30198.0,2,15092,15092,15092
800804,102,1,0.0025,15111,15111,0,15111.0,0.0,15111.0,1,15111,15111,15111
800409,103,1,0.0025,14995,14995,0,14995.0,0.0,14995.0,1,14995,14995,14995
801604,104,3,0.0075,15224,15241,17,15231.3333333,7.13364485208,45694.0,3,15224,15224,15229
800704,105,6,0.015,15070,15256,186,15174.3333333,65.3673380893,91046.0,6,15070,15070,15146
801605,106,1,0.0025,15325,15325,0,15325.0,0.0,15325.0,1,15325,15325,15325
801603,112,1,0.0025,15245,15245,0,15245.0,0.0,15245.0,1,15245,15245,15245
800701,115,1,0.0025,15186,15186,0,15186.0,0.0,15186.0,1,15186,15186,15186
801503,117,3,0.0075,14878,15008,130,14926.6666667,57.88110419,44780.0,3,14878,14878,14894
801501,118,3,0.0075,14924,15000,76,14961.0,31.0590834808,44883.0,3,14924,14924,14959
801502,119,3,0.0075,14882,15049,167,14974.6666667,69.3990073578,44924.0,3,14882,14882,14993
801406,120,5,0.0125,14763,14958,195,14899.8,70.8671997471,74499.0,5,14763,14763,14916
801409,121,2,0.005,14919,14944,25,14931.5,12.5,29863.0,2,14919,14919,14919
801402,122,2,0.005,14819,14904,85,14861.5,42.5,29723.0,2,14819,14819,14819
801610,123,1,0.0025,15219,15219,0,15219.0,0.0,15219.0,1,15219,15219,15219
800702,125,1,0.0025,15090,15090,0,15090.0,0.0,15090.0,1,15090,15090,15090
800705,126,1,0.0025,14930,14930,0,14930.0,0.0,14930.0,1,14930,14930,14930
801609,127,3,0.0075,15176,15219,43,15190.3333333,20.2703943937,45571.0,2,15176,15219,15176
800708,128,1,0.0025,15195,15195,0,15195.0,0.0,15195.0,1,15195,15195,15195
800707,129,2,0.005,15058,15319,261,15188.5,130.5,30377.0,2,15058,15058,15058
800711,130,1,0.0025,15189,15189,0,15189.0,0.0,15189.0,1,15189,15189,15189
810304,131,2,0.005,14904,15073,169,14988.5,84.5,29977.0,2,14904,14904,14904
810405,132,4,0.01,15040,15111,71,15063.5,28.9870660813,60254.0,3,15040,15063,15040
810803,133,5,0.0125,14857,15164,307,15063.6,106.441721144,75318.0,5,14857,14857,15096
810403,134,8,0.02,14980,15111,131,15052.25,35.0918437817,120418.0,8,14980,14980,15050
810302,135,2,0.005,15047,15047,0,15047.0,0.0,30094.0,1,15047,15047,15047
810305,136,2,0.005,15072,15097,25,15084.5,12.5,30169.0,2,15072,15072,15072
810303,137,3,0.0075,15018,15100,82,15067.0,35.3364778475,45201.0,3,15018,15018,15083
810404,138,4,0.01,15018,15085,67,15042.5,25.6368874866,60170.0,4,15018,15018,15028
810801,140,1,0.0025,14456,14456,0,14456.0,0.0,14456.0,1,14456,14456,14456
810115,141,2,0.005,14918,15042,124,14980.0,62.0,29960.0,2,14918,14918,14918
810406,142,1,0.0025,15062,15062,0,15062.0,0.0,15062.0,1,15062,15062,15062
810805,143,1,0.0025,14849,14849,0,14849.0,0.0,14849.0,1,14849,14849,14849
810117,147,3,0.0075,14907,14986,79,14937.0,34.9380403953,44811.0,3,14907,14907,14918
810401,150,2,0.005,15093,15093,0,15093.0,0.0,30186.0,1,15093,15093,15093
810806,151,1,0.0025,14996,14996,0,14996.0,0.0,14996.0,1,14996,14996,14996
810116,152,1,0.0025,15042,15042,0,15042.0,0.0,15042.0,1,15042,15042,15042
810118,153,1,0.0025,15080,15080,0,15080.0,0.0,15080.0,1,15080,15080,15080
810804,154,1,0.0025,14748,14748,0,14748.0,0.0,14748.0,1,14748,14748,14748
810807,155,2,0.005,14831,14845,14,14838.0,7.0,29676.0,2,14831,14831,14831
810501,163,1,0.0025,15040,15040,0,15040.0,0.0,15040.0,1,15040,15040,15040
810505,166,1,0.0025,14763,14763,0,14763.0,0.0,14763.0,1,14763,14763,14763
810407,169,2,0.005,15050,15062,12,15056.0,6.0,30112.0,2,15050,15050,15050
810103,170,1,0.0025,14487,14487,0,14487.0,0.0,14487.0,1,14487,14487,14487
810808,172,1,0.0025,14456,14456,0,14456.0,0.0,14456.0,1,14456,14456,14456
810507,173,2,0.005,15021,15074,53,15047.5,26.5,30095.0,2,15021,15021,15021
810503,174,1,0.0025,15021,15021,0,15021.0,0.0,15021.0,1,15021,15021,15021
802303,177,3,0.0075,15028,15183,155,15128.3333333,71.0414589439,45385.0,3,15028,15028,15174
800607,179,1,0.0025,15192,15192,0,15192.0,0.0,15192.0,1,15192,15192,15192
801611,180,1,0.0025,15077,15077,0,15077.0,0.0,15077.0,1,15077,15077,15077
801608,181,1,0.0025,15084,15084,0,15084.0,0.0,15084.0,1,15084,15084,15084
800606,182,1,0.0025,15236,15236,0,15236.0,0.0,15236.0,1,15236,15236,15236
800601,184,1,0.0025,15216,15216,0,15216.0,0.0,15216.0,1,15216,15216,15216
801305,186,2,0.005,14976,15334,358,15155.0,179.0,30310.0,2,14976,14976,14976
801306,187,1,0.0025,15249,15249,0,15249.0,0.0,15249.0,1,15249,15249,15249
800605,189,1,0.0025,15231,15231,0,15231.0,0.0,15231.0,1,15231,15231,15231
800612,190,2,0.005,15216,15237,21,15226.5,10.5,30453.0,2,15216,15216,15216
800613,192,2,0.005,15198,15202,4,15200.0,2.0,30400.0,2,15198,15198,15198
801606,193,1,0.0025,15128,15128,0,15128.0,0.0,15128.0,1,15128,15128,15128
800706,194,4,0.01,15015,15167,152,15075.25,56.0284525933,60301.0,4,15015,15015,15057
801601,196,2,0.005,15128,15282,154,15205.0,77.0,30410.0,2,15128,15128,15128
