TB_IDN,ZONE_CODE,COUNT,AREA,MIN,MAX,RANGE,MEAN,STD,SUM,VARIETY,MAJORITY,MINORITY,MEDIAN
801304,1,2,0.005,15265,15307,42,15286.0,21.0,30572.0,2,15265,15265,15265
800603,2,1,0.0025,15462,15462,0,15462.0,0.0,15462.0,1,15462,15462,15462
801904,3,2,0.005,15244,15316,72,15280.0,36.0,30560.0,2,15244,15244,15244
800905,4,3,0.0075,15111,15146,35,15127.3333333,14.3836326731,45382.0,3,15111,15111,15125
800909,5,1,0.0025,15086,15086,0,15086.0,0.0,15086.0,1,15086,15086,15086
801701,6,3,0.0075,15101,15104,3,15102.3333333,1.24721912361,45307.0,3,15101,15101,15102
801903,7,1,0.0025,15308,15308,0,15308.0,0.0,15308.0,1,15308,15308,15308
800611,8,2,0.005,15300,15419,119,15359.5,59.5,30719.0,2,15300,15300,15300
801204,9,1,0.0025,15355,15355,0,15355.0,0.0,15355.0,1,15355,15355,15355
801101,10,2,0.005,15088,15088,0,15088.0,0.0,30176.0,1,15088,15088,15088
801302,11,4,0.01,15035,15348,313,15234.25,119.942434109,60937.0,4,15035,15035,15252
802003,12,1,0.0025,15325,15325,0,15325.0,0.0,15325.0,1,15325,15325,15325
801215,13,1,0.0025,15537,15537,0,15537.0,0.0,15537.0,1,15537,15537,15537
801206,14,2,0.005,15233,15264,31,15248.5,15.5,30497.0,2,15233,15233,15233
801207,15,1,0.0025,15305,15305,0,15305.0,0.0,15305.0,1,15305,15305,15305
801217,16,1,0.0025,15435,15435,0,15435.0,0.0,15435.0,1,15435,15435,15435
802001,17,1,0.0025,15262,15262,0,15262.0,0.0,15262.0,1,15262,15262,15262
800305,18,2,0.005,15236,15260,24,15248.0,12.0,30496.0,2,15236,15236,15236
801105,19,3,0.0075,15073,15126,53,15104.0,22.5536397654,45312.0,3,15073,15073,15113
801212,20,1,0.0025,15350,15350,0,15350.0,0.0,15350.0,1,15350,15350,15350
801003,21,2,0.005,15078,15092,14,15085.0,7.0,30170.0,2,15078,15078,15078
800302,22,3,0.0075,15000,15172,172,15100.6666667,73.2180912679,45302.0,3,15000,15000,15130
801208,23,1,0.0025,15489,15489,0,15489.0,0.0,15489.0,1,15489,15489,15489
800911,24,4,0.01,15001,15087,86,15057.5,33.6340601177,60230.0,4,15001,15001,15064
801107,25,2,0.005,15074,15095,21,15084.5,10.5,30169.0,2,15074,15074,15074
801213,26,1,0.0025,15454,15454,0,15454.0,0.0,15454.0,1,15454,15454,15454
801218,28,1,0.0025,15270,15270,0,15270.0,0.0,15270.0,1,15270,15270,15270
802301,29,1,0.0025,14911,14911,0,14911.0,0.0,14911.0,1,14911,14911,14911
801301,30,5,0.0125,15170,15272,102,15206.0,38.5590456313,76030.0,5,15170,15170,15185
800906,31,3,0.0075,15005,15168,163,15079.6666667,67.2425130076,45239.0,3,15005,15005,15066
801216,32,1,0.0025,15259,15259,0,15259.0,0.0,15259.0,1,15259,15259,15259
801001,33,2,0.005,15044,15064,20,15054.0,10.0,30108.0,2,15044,15044,15044
801303,34,2,0.005,15311,15346,35,15328.5,17.5,30657.0,2,15311,15311,15311
802304,35,1,0.0025,15413,15413,0,15413.0,0.0,15413.0,1,15413,15413,15413
801203,36,1,0.0025,15390,15390,0,15390.0,0.0,15390.0,1,15390,15390,15390
801104,37,3,0.0075,15005,15113,108,15067.0,45.519226707,45201.0,3,15005,15005,15083
801214,38,3,0.0075,14843,14905,62,14872.0,25.4689353265,44616.0,3,14843,14843,14868
800407,39,1,0.0025,15045,15045,0,15045.0,0.0,15045.0,1,15045,15045,15045
800112,40,1,0.0025,15318,15318,0,15318.0,0.0,15318.0,1,15318,15318,15318
800304,41,4,0.01,14933,15077,144,15009.25,53.946153709,60037.0,4,14933,14933,14989
800106,42,2,0.005,15226,15394,168,15310.0,84.0,30620.0,2,15226,15226,15226
800405,43,1,0.0025,15084,15084,0,15084.0,0.0,15084.0,1,15084,15084,15084
800115,44,1,0.0025,15239,15239,0,15239.0,0.0,15239.0,1,15239,15239,15239
801801,45,1,0.0025,15073,15073,0,15073.0,0.0,15073.0,1,15073,15073,15073
800303,46,1,0.0025,15238,15238,0,15238.0,0.0,15238.0,1,15238,15238,15238
801106,47,1,0.0025,14941,14941,0,14941.0,0.0,14941.0,1,14941,14941,14941
801103,48,2,0.005,15064,15154,90,15109.0,45.0,30218.0,2,15064,15064,15064
800122,49,2,0.005,15271,15316,45,15293.5,22.5,30587.0,2,15271,15271,15271
802202,50,2,0.005,14998,15142,144,15070.0,72.0,30140.0,2,14998,14998,14998
801210,51,1,0.0025,15391,15391,0,15391.0,0.0,15391.0,1,15391,15391,15391
801002,52,1,0.0025,15077,15077,0,15077.0,0.0,15077.0,1,15077,15077,15077
802004,53,2,0.005,15271,15278,7,15274.5,3.5,30549.0,2,15271,15271,15271
802201,54,7,0.0175,14894,15061,167,15000.1428571,54.054016823,105001.0,7,14894,14894,14999
801102,55,3,0.0075,14991,15161,170,15080.3333333,69.6722485801,45241.0,3,14991,14991,15089
800301,56,2,0.005,14979,15033,54,15006.0,27.0,30012.0,2,14979,14979,14979
800101,57,1,0.0025,15433,15433,0,15433.0,0.0,15433.0,1,15433,15433,15433
800119,58,1,0.0025,15384,15384,0,15384.0,0.0,15384.0,1,15384,15384,15384
800416,59,2,0.005,15101,15121,20,15111.0,10.0,30222.0,2,15101,15101,15101
800113,60,1,0.0025,15352,15352,0,15352.0,0.0,15352.0,1,15352,15352,15352
801202,61,3,0.0075,15272,15360,88,15302.0,41.0203201678,45906.0,3,15272,15272,15274
810602,62,4,0.01,14683,14826,143,14777.75,56.2910960988,59111.0,4,14683,14683,14789
810601,63,7,0.0175,14515,14820,305,14637.4285714,119.646929568,102462.0,5,14515,14521,14651
800807,64,2,0.005,15127,15197,70,15162.0,35.0,30324.0,2,15127,15127,15127
800204,65,3,0.0075,14841,15171,330,15028.0,138.26785599,45084.0,3,14841,14841,15072
800501,66,2,0.005,14894,14894,0,14894.0,0.0,29788.0,1,14894,14894,14894
800120,67,3,0.0075,15281,15292,11,15288.3333333,5.18544972742,45865.0,2,15292,15281,15292
810301,68,2,0.005,14825,14861,36,14843.0,18.0,29686.0,2,14825,14825,14825
810603,69,3,0.0075,14545,14801,256,14674.6666667,104.538137645,44024.0,3,14545,14545,14678
800201,70,2,0.005,15027,15182,155,15104.5,77.5,30209.0,2,15027,15027,15027
800205,71,1,0.0025,15284,15284,0,15284.0,0.0,15284.0,1,15284,15284,15284
800403,72,5,0.0125,14728,15070,342,14926.6,153.280918578,74633.0,4,15042,14728,15042
801209,73,1,0.0025,14961,14961,0,14961.0,0.0,14961.0,1,14961,14961,14961
800116,74,3,0.0075,15175,15340,165,15231.3333333,76.8562872436,45694.0,3,15175,15175,15179
801803,75,3,0.0075,15077,15108,31,15088.6666667,13.7679176197,45266.0,3,15077,15077,15081
800410,76,1,0.0025,15049,15049,0,15049.0,0.0,15049.0,1,15049,15049,15049
800406,77,2,0.005,15012,15046,34,15029.0,17.0,30058.0,2,15012,15012,15012
800505,78,2,0.005,14914,15040,126,14977.0,63.0,29954.0,2,14914,14914,14914
800504,79,2,0.005,14938,15030,92,14984.0,46.0,29968.0,2,14938,14938,14938
800121,80,3,0.0075,15164,15288,124,15210.0,55.4496768851,45630.0,3,15164,15164,15178
801802,81,2,0.005,15077,15127,50,15102.0,25.0,30204.0,2,15077,15077,15077
800203,82,1,0.0025,15292,15292,0,15292.0,0.0,15292.0,1,15292,15292,15292
800404,83,1,0.0025,14967,14967,0,14967.0,0.0,14967.0,1,14967,14967,14967
800202,84,1,0.0025,15198,15198,0,15198.0,0.0,15198.0,1,15198,15198,15198
800806,85,1,0.0025,15348,15348,0,15348.0,0.0,15348.0,1,15348,15348,15348
802101,86,3,0.0075,14925,15265,340,15075.0,141.656862406,45225.0,3,14925,14925,15035
802103,87,2,0.005,15021,15094,73,15057.5,36.5,30115.0,2,15021,15021,15021
800803,88,3,0.0075,15108,15295,187,15200.0,76.3718971001,45600.0,3,15108,15108,15197
800503,89,6,0.015,14755,14959,204,14870.1666667,62.1943638034,89221.0,6,14755,14755,14861
800502,90,3,0.0075,14732,14759,27,14744.6666667,11.0855261001,44234.0,3,14732,14732,14743
800801,91,1,0.0025,15226,15226,0,15226.0,0.0,15226.0,1,15226,15226,15226
802104,92,5,0.0125,14850,15095,245,14936.4,86.0897206408,74682.0,5,14850,14850,14931
801403,93,2,0.005,15163,15190,27,15176.5,13.5,30353.0,2,15163,15163,15163
801408,94,4,0.01,15045,15155,110,15105.75,47.4203279196,60423.0,4,15045,15045,15074
802102,95,16,0.04,14843,15278,435,14998.625,122.381511573,239978.0,16,14843,14843,14971
801404,96,1,0.0025,15076,15076,0,15076.0,0.0,15076.0,1,15076,15076,15076
800802,97,1,0.0025,15084,15084,0,15084.0,0.0,15084.0,1,15084,15084,15084
801407,98,3,0.0075,15078,15356,278,15179.6666667,125.172769492,45539.0,3,15078,15078,15105
800811,99,3,0.0075,15072,15240,168,15139.0,72.6773692424,45417.0,3,15072,15072,15105
801405,100,2,0.005,15133,15170,37,15151.5,18.5,30303.0,2,15133,15133,15133
800813,101,2,0.005,15261,15291,30,15276.0,15.0,30552.0,2,15261,15261,15261
800804,102,1,0.0025,15190,15190,0,15190.0,0.0,15190.0,1,15190,15190,15190
800409,103,3,0.0075,14589,14995,406,14805.3333333,166.817931357,44416.0,3,14589,14589,14832
801604,104,3,0.0075,15284,15321,37,15303.0,15.1217282963,45909.0,3,15284,15284,15304
800704,105,6,0.015,15188,15326,138,15250.6666667,46.3417258589,91504.0,6,15188,15188,15247
801605,106,1,0.0025,14987,14987,0,14987.0,0.0,14987.0,1,14987,14987,14987
801602,107,1,0.0025,15276,15276,0,15276.0,0.0,15276.0,1,15276,15276,15276
801704,108,3,0.0075,15060,15217,157,15147.3333333,65.3010124134,45442.0,3,15060,15060,15165
801702,109,8,0.02,15043,15143,100,15103.625,28.8787876304,120829.0,8,15043,15043,15098
801902,110,1,0.0025,15245,15245,0,15245.0,0.0,15245.0,1,15245,15245,15245
801703,111,2,0.005,15144,15152,8,15148.0,4.0,30296.0,2,15144,15144,15144
801603,112,1,0.0025,15080,15080,0,15080.0,0.0,15080.0,1,15080,15080,15080
800910,113,2,0.005,15163,15244,81,15203.5,40.5,30407.0,2,15163,15163,15163
801905,114,2,0.005,15268,15279,11,15273.5,5.5,30547.0,2,15268,15268,15268
800701,115,2,0.005,15284,15297,13,15290.5,6.5,30581.0,2,15284,15284,15284
800908,116,1,0.0025,15060,15060,0,15060.0,0.0,15060.0,1,15060,15060,15060
801503,117,3,0.0075,14918,14995,77,14945.0,35.3930313292,44835.0,3,14918,14918,14922
801501,118,3,0.0075,14926,15062,136,15003.0,56.9619756212,45009.0,3,14926,14926,15021
801502,119,4,0.01,14941,15260,319,15041.75,129.975718886,60167.0,4,14941,14941,14945
801406,120,5,0.0125,15076,15197,121,15130.2,44.6112093536,75651.0,5,15076,15076,15113
801409,121,2,0.005,14999,15129,130,15064.0,65.0,30128.0,2,14999,14999,14999
801402,122,2,0.005,15157,15185,28,15171.0,14.0,30342.0,2,15157,15157,15157
801610,123,1,0.0025,15162,15162,0,15162.0,0.0,15162.0,1,15162,15162,15162
800710,124,3,0.0075,15220,15279,59,15258.6666667,27.3536509857,45776.0,3,15220,15220,15277
800702,125,1,0.0025,15235,15235,0,15235.0,0.0,15235.0,1,15235,15235,15235
800705,126,6,0.015,15208,15398,190,15329.6666667,61.6999909961,91978.0,5,15363,15208,15346
801609,127,3,0.0075,15172,15289,117,15239.6666667,49.4929849128,45719.0,3,15172,15172,15258
800708,128,1,0.0025,15240,15240,0,15240.0,0.0,15240.0,1,15240,15240,15240
800707,129,2,0.005,15289,15319,30,15304.0,15.0,30608.0,2,15289,15289,15289
800711,130,1,0.0025,15329,15329,0,15329.0,0.0,15329.0,1,15329,15329,15329
810304,131,2,0.005,15034,15040,6,15037.0,3.0,30074.0,2,15034,15034,15034
810405,132,4,0.01,14921,15025,104,14983.25,44.1948809253,59933.0,3,15025,14921,14962
810803,133,5,0.0125,14909,15041,132,14972.4,50.2537560786,74862.0,5,14909,14909,14957
810403,134,6,0.015,14861,15172,311,15022.6666667,111.86847436,90136.0,6,14861,14861,15035
810302,135,2,0.005,14984,14984,0,14984.0,0.0,29968.0,1,14984,14984,14984
810305,136,2,0.005,14877,14972,95,14924.5,47.5,29849.0,2,14877,14877,14877
810303,137,3,0.0075,15064,15087,23,15072.6666667,10.2089285554,45218.0,3,15064,15064,15067
810404,138,4,0.01,14896,15076,180,14955.75,71.7996344002,59823.0,4,14896,14896,14906
810106,139,4,0.01,14835,14889,54,14859.25,19.6770805761,59437.0,4,14835,14835,14851
810801,140,1,0.0025,15252,15252,0,15252.0,0.0,15252.0,1,15252,15252,15252
810115,141,2,0.005,14662,14664,2,14663.0,1.0,29326.0,2,14662,14662,14662
810406,142,1,0.0025,14874,14874,0,14874.0,0.0,14874.0,1,14874,14874,14874
810805,143,2,0.005,15087,15380,293,15233.5,146.5,30467.0,2,15087,15087,15087
810701,144,1,0.0025,15096,15096,0,15096.0,0.0,15096.0,1,15096,15096,15096
810702,145,1,0.0025,15061,15061,0,15061.0,0.0,15061.0,1,15061,15061,15061
810117,147,3,0.0075,14659,14910,251,14823.3333333,116.259288757,44470.0,3,14659,14659,14901
810704,148,1,0.0025,15032,15032,0,15032.0,0.0,15032.0,1,15032,15032,15032
810402,149,5,0.0125,15002,15144,142,15051.4,51.852097354,75257.0,5,15002,15002,15039
810401,150,3,0.0075,14899,15148,249,14982.0,117.379725677,44946.0,2,14899,15148,14899
810806,151,1,0.0025,14941,14941,0,14941.0,0.0,14941.0,1,14941,14941,14941
810116,152,1,0.0025,14846,14846,0,14846.0,0.0,14846.0,1,14846,14846,14846
810118,153,2,0.005,15027,15030,3,15028.5,1.5,30057.0,2,15027,15027,15027
810804,154,1,0.0025,15270,15270,0,15270.0,0.0,15270.0,1,15270,15270,15270
810807,155,2,0.005,14914,15087,173,15000.5,86.5,30001.0,2,14914,14914,14914
810204,156,5,0.0125,14957,15383,426,15133.2,162.220097399,75666.0,5,14957,14957,15055
810203,157,4,0.01,15009,15383,374,15257.0,145.621083638,61028.0,3,15318,15009,15318
810201,158,4,0.01,15031,15128,97,15062.25,38.8031893019,60249.0,4,15031,15031,15037
810111,159,4,0.01,14851,15013,162,14910.0,64.4709236788,59640.0,4,14851,14851,14860
810506,160,2,0.005,14894,14900,6,14897.0,3.0,29794.0,2,14894,14894,14894
810508,161,1,0.0025,14900,14900,0,14900.0,0.0,14900.0,1,14900,14900,14900
810509,162,1,0.0025,14875,14875,0,14875.0,0.0,14875.0,1,14875,14875,14875
810501,163,3,0.0075,14870,14894,24,14886.0,11.313708499,44658.0,2,14894,14870,14894
810202,164,3,0.0075,14895,15205,310,15050.0,126.556970044,45150.0,3,14895,14895,15050
810502,165,4,0.01,14765,14911,146,14816.5,56.5574928723,59266.0,4,14765,14765,14783
810505,166,2,0.005,14870,14891,21,14880.5,10.5,29761.0,2,14870,14870,14870
810504,167,5,0.0125,14857,15058,201,14948.6,81.6494947934,74743.0,4,14857,14955,14955
810105,168,4,0.01,14797,14888,91,14835.0,36.9797241742,59340.0,4,14797,14797,14804
810407,169,3,0.0075,14849,15256,407,15114.3333333,187.762852793,45343.0,3,14849,14849,15238
810103,170,6,0.015,14898,15145,247,15019.3333333,85.4159756069,90116.0,6,14898,14898,14982
810206,171,4,0.01,15004,15273,269,15142.0,131.093478099,60568.0,3,15273,15004,15018
810808,172,4,0.01,15143,15380,237,15257.25,84.5676504344,61029.0,4,15143,15143,15238
810507,173,3,0.0075,14866,14940,74,14900.0,30.5068298364,44700.0,3,14866,14866,14894
810503,174,2,0.005,14629,14940,311,14784.5,155.5,29569.0,2,14629,14629,14629
810205,175,9,0.0225,14825,15058,233,14923.8888889,85.9359508839,134315.0,9,14825,14825,14915
810604,176,3,0.0075,14886,15162,276,15070.0,130.107647738,45210.0,2,15162,14886,15162
802303,177,3,0.0075,15298,15339,41,15322.0,17.4547032821,45966.0,3,15298,15298,15329
800904,178,1,0.0025,15107,15107,0,15107.0,0.0,15107.0,1,15107,15107,15107
800607,179,1,0.0025,15354,15354,0,15354.0,0.0,15354.0,1,15354,15354,15354
801611,180,1,0.0025,15120,15120,0,15120.0,0.0,15120.0,1,15120,15120,15120
801608,181,1,0.0025,15187,15187,0,15187.0,0.0,15187.0,1,15187,15187,15187
800606,182,1,0.0025,15271,15271,0,15271.0,0.0,15271.0,1,15271,15271,15271
800913,183,4,0.01,15074,15094,20,15089.0,8.66025403784,60356.0,2,15094,15074,15094
800601,184,1,0.0025,15064,15064,0,15064.0,0.0,15064.0,1,15064,15064,15064
801305,186,2,0.005,15298,15349,51,15323.5,25.5,30647.0,2,15298,15298,15298
801306,187,1,0.0025,15300,15300,0,15300.0,0.0,15300.0,1,15300,15300,15300
800902,188,1,0.0025,15113,15113,0,15113.0,0.0,15113.0,1,15113,15113,15113
800605,189,1,0.0025,15290,15290,0,15290.0,0.0,15290.0,1,15290,15290,15290
800612,190,2,0.005,15115,15325,210,15220.0,105.0,30440.0,2,15115,15115,15115
801906,191,1,0.0025,15101,15101,0,15101.0,0.0,15101.0,1,15101,15101,15101
800613,192,2,0.005,15316,15318,2,15317.0,1.0,30634.0,2,15316,15316,15316
801606,193,1,0.0025,15031,15031,0,15031.0,0.0,15031.0,1,15031,15031,15031
800706,194,4,0.01,15233,15286,53,15264.0,20.1866292382,61056.0,4,15233,15233,15260
800907,195,2,0.005,15128,15170,42,15149.0,21.0,30298.0,2,15128,15128,15128
801601,196,2,0.005,15081,15157,76,15119.0,38.0,30238.0,2,15081,15081,15081
