TB_IDN,ZONE_CODE,COUNT,AREA,MIN,MAX,RANGE,MEAN,STD,SUM,VARIETY,MAJORITY,MINORITY,MEDIAN
801304,1,2,0.005,15136,15153,17,15144.5,8.5,30289.0,2,15136,15136,15136
800603,2,1,0.0025,15011,15011,0,15011.0,0.0,15011.0,1,15011,15011,15011
801904,3,2,0.005,15121,15141,20,15131.0,10.0,30262.0,2,15121,15121,15121
800905,4,4,0.01,15082,15197,115,15140.75,41.2878614123,60563.0,4,15082,15082,15132
800909,5,1,0.0025,15116,15116,0,15116.0,0.0,15116.0,1,15116,15116,15116
801701,6,3,0.0075,15092,15155,63,15116.0,27.8208554865,45348.0,3,15092,15092,15101
801903,7,1,0.0025,15078,15078,0,15078.0,0.0,15078.0,1,15078,15078,15078
800611,8,2,0.005,15031,15039,8,15035.0,4.0,30070.0,2,15031,15031,15031
801204,9,1,0.0025,15162,15162,0,15162.0,0.0,15162.0,1,15162,15162,15162
801101,10,2,0.005,15113,15167,54,15140.0,27.0,30280.0,2,15113,15113,15113
801302,11,4,0.01,14962,15111,149,15008.0,60.1290279316,60032.0,4,14962,14962,14972
802003,12,1,0.0025,15109,15109,0,15109.0,0.0,15109.0,1,15109,15109,15109
801215,13,1,0.0025,15085,15085,0,15085.0,0.0,15085.0,1,15085,15085,15085
801206,14,2,0.005,15108,15178,70,15143.0,35.0,30286.0,2,15108,15108,15108
801207,15,1,0.0025,15014,15014,0,15014.0,0.0,15014.0,1,15014,15014,15014
801217,16,1,0.0025,15066,15066,0,15066.0,0.0,15066.0,1,15066,15066,15066
802001,17,1,0.0025,15047,15047,0,15047.0,0.0,15047.0,1,15047,15047,15047
800305,18,2,0.005,14939,15109,170,15024.0,85.0,30048.0,2,14939,14939,14939
801105,19,4,0.01,15129,15155,26,15142.25,10.2804425975,60569.0,4,15129,15129,15136
801212,20,1,0.0025,15103,15103,0,15103.0,0.0,15103.0,1,15103,15103,15103
801003,21,2,0.005,15162,15173,11,15167.5,5.5,30335.0,2,15162,15162,15162
800302,22,3,0.0075,14949,14978,29,14959.6666667,13.0213499908,44879.0,3,14949,14949,14952
801208,23,1,0.0025,15057,15057,0,15057.0,0.0,15057.0,1,15057,15057,15057
800911,24,4,0.01,15008,15117,109,15065.0,40.552435192,60260.0,4,15008,15008,15050
801107,25,3,0.0075,15134,15150,16,15144.3333333,7.31816613246,45433.0,3,15134,15134,15149
801213,26,1,0.0025,15037,15037,0,15037.0,0.0,15037.0,1,15037,15037,15037
800912,27,1,0.0025,15129,15129,0,15129.0,0.0,15129.0,1,15129,15129,15129
801218,28,1,0.0025,15099,15099,0,15099.0,0.0,15099.0,1,15099,15099,15099
802301,29,1,0.0025,15100,15100,0,15100.0,0.0,15100.0,1,15100,15100,15100
801301,30,5,0.0125,14957,15126,169,15064.6,59.0003389822,75323.0,5,14957,14957,15072
800906,31,3,0.0075,15042,15152,110,15100.0,45.1072795308,45300.0,3,15042,15042,15106
801216,32,1,0.0025,15062,15062,0,15062.0,0.0,15062.0,1,15062,15062,15062
801001,33,2,0.005,15143,15183,40,15163.0,20.0,30326.0,2,15143,15143,15143
801303,34,2,0.005,15064,15084,20,15074.0,10.0,30148.0,2,15064,15064,15064
802304,35,1,0.0025,15156,15156,0,15156.0,0.0,15156.0,1,15156,15156,15156
801203,36,1,0.0025,15142,15142,0,15142.0,0.0,15142.0,1,15142,15142,15142
801104,37,4,0.01,15048,15181,133,15101.5,48.8492579268,60406.0,4,15048,15048,15085
801214,38,3,0.0075,15018,15127,109,15069.0,44.7735040696,45207.0,3,15018,15018,15062
800407,39,1,0.0025,15218,15218,0,15218.0,0.0,15218.0,1,15218,15218,15218
800112,40,1,0.0025,15052,15052,0,15052.0,0.0,15052.0,1,15052,15052,15052
800304,41,4,0.01,14841,15048,207,14944.0,85.1322500584,59776.0,4,14841,14841,14882
800106,42,2,0.005,15093,15178,85,15135.5,42.5,30271.0,2,15093,15093,15093
800405,43,1,0.0025,15217,15217,0,15217.0,0.0,15217.0,1,15217,15217,15217
800115,44,1,0.0025,15173,15173,0,15173.0,0.0,15173.0,1,15173,15173,15173
801801,45,1,0.0025,15154,15154,0,15154.0,0.0,15154.0,1,15154,15154,15154
800303,46,1,0.0025,15077,15077,0,15077.0,0.0,15077.0,1,15077,15077,15077
801106,47,2,0.005,15062,15092,30,15077.0,15.0,30154.0,2,15062,15062,15062
801103,48,2,0.005,15186,15209,23,15197.5,11.5,30395.0,2,15186,15186,15186
800122,49,2,0.005,15065,15080,15,15072.5,7.5,30145.0,2,15065,15065,15065
802202,50,2,0.005,15172,15194,22,15183.0,11.0,30366.0,2,15172,15172,15172
801210,51,1,0.0025,15094,15094,0,15094.0,0.0,15094.0,1,15094,15094,15094
801002,52,1,0.0025,15152,15152,0,15152.0,0.0,15152.0,1,15152,15152,15152
802004,53,2,0.005,15080,15112,32,15096.0,16.0,30192.0,2,15080,15080,15080
802201,54,7,0.0175,14980,15174,194,15065.8571429,63.5259869693,105461.0,7,14980,14980,15085
801102,55,3,0.0075,15116,15167,51,15147.6666667,22.5733372717,45443.0,3,15116,15116,15160
800301,56,2,0.005,14978,15090,112,15034.0,56.0,30068.0,2,14978,14978,14978
800101,57,1,0.0025,15155,15155,0,15155.0,0.0,15155.0,1,15155,15155,15155
800119,58,1,0.0025,15064,15064,0,15064.0,0.0,15064.0,1,15064,15064,15064
800416,59,2,0.005,15214,15232,18,15223.0,9.0,30446.0,2,15214,15214,15214
800113,60,1,0.0025,15052,15052,0,15052.0,0.0,15052.0,1,15052,15052,15052
801202,61,3,0.0075,15047,15131,84,15096.6666667,35.966033359,45290.0,3,15047,15047,15112
810602,62,4,0.01,15036,15068,32,15055.5,12.0312094155,60222.0,4,15036,15036,15056
810601,63,8,0.02,14986,15061,75,15028.75,21.2588216983,120230.0,8,14986,14986,15033
800807,64,2,0.005,15106,15122,16,15114.0,8.0,30228.0,2,15106,15106,15106
800204,65,3,0.0075,14859,14942,83,14895.6666667,34.5671648955,44687.0,3,14859,14859,14886
800501,66,2,0.005,14914,15039,125,14976.5,62.5,29953.0,2,14914,14914,14914
800120,67,3,0.0075,15044,15135,91,15091.6666667,37.2767428242,45275.0,3,15044,15044,15096
810301,68,2,0.005,15060,15065,5,15062.5,2.5,30125.0,2,15060,15060,15060
810603,69,3,0.0075,14994,15067,73,15040.0,32.6904675199,45120.0,3,14994,14994,15059
800201,70,2,0.005,15032,15069,37,15050.5,18.5,30101.0,2,15032,15032,15032
800205,71,1,0.0025,15087,15087,0,15087.0,0.0,15087.0,1,15087,15087,15087
800403,72,5,0.0125,14902,15232,330,15040.8,109.373488561,75204.0,5,14902,14902,15028
801209,73,1,0.0025,15025,15025,0,15025.0,0.0,15025.0,1,15025,15025,15025
800116,74,3,0.0075,15080,15090,10,15086.0,4.32049379894,45258.0,3,15080,15080,15088
801803,75,3,0.0075,15134,15148,14,15141.3333333,5.73488351021,45424.0,3,15134,15134,15142
800410,76,1,0.0025,15248,15248,0,15248.0,0.0,15248.0,1,15248,15248,15248
800406,77,2,0.005,15153,15164,11,15158.5,5.5,30317.0,2,15153,15153,15153
800505,78,2,0.005,15132,15177,45,15154.5,22.5,30309.0,2,15132,15132,15132
800504,79,2,0.005,14932,15188,256,15060.0,128.0,30120.0,2,14932,14932,14932
800121,80,3,0.0075,15011,15146,135,15084.0,55.6596802003,45252.0,3,15011,15011,15095
801802,81,2,0.005,15174,15178,4,15176.0,2.0,30352.0,2,15174,15174,15174
800203,82,1,0.0025,15135,15135,0,15135.0,0.0,15135.0,1,15135,15135,15135
800404,83,1,0.0025,15171,15171,0,15171.0,0.0,15171.0,1,15171,15171,15171
800202,84,1,0.0025,15076,15076,0,15076.0,0.0,15076.0,1,15076,15076,15076
800806,85,1,0.0025,15089,15089,0,15089.0,0.0,15089.0,1,15089,15089,15089
802101,86,3,0.0075,14941,15023,82,14979.0,33.7441352929,44937.0,3,14941,14941,14973
802103,87,2,0.005,15079,15124,45,15101.5,22.5,30203.0,2,15079,15079,15079
800803,88,3,0.0075,15036,15093,57,15066.0,23.3666428911,45198.0,3,15036,15036,15069
800503,89,6,0.015,14928,15143,215,15026.3333333,74.3721871549,90158.0,6,14928,14928,15007
800502,90,3,0.0075,14835,15116,281,14993.3333333,117.457320854,44980.0,3,14835,14835,15029
800801,91,1,0.0025,14989,14989,0,14989.0,0.0,14989.0,1,14989,14989,14989
802104,92,5,0.0125,14954,15072,118,15006.6,43.8707191645,75033.0,5,14954,14954,15004
801403,93,2,0.005,15078,15115,37,15096.5,18.5,30193.0,2,15078,15078,15078
801408,94,4,0.01,14912,15072,160,15006.25,59.0015889617,60025.0,4,14912,14912,15008
802102,95,16,0.04,14807,15055,248,14944.9375,81.0042196046,239119.0,16,14807,14807,14963
801404,96,1,0.0025,15006,15006,0,15006.0,0.0,15006.0,1,15006,15006,15006
800802,97,1,0.0025,15085,15085,0,15085.0,0.0,15085.0,1,15085,15085,15085
801407,98,3,0.0075,15006,15069,63,15039.0,25.8069758011,45117.0,3,15006,15006,15042
800811,99,3,0.0075,14992,15087,95,15047.6666667,40.4667215818,45143.0,3,14992,14992,15064
801405,100,2,0.005,15060,15065,5,15062.5,2.5,30125.0,2,15060,15060,15060
800813,101,2,0.005,15044,15052,8,15048.0,4.0,30096.0,2,15044,15044,15044
800804,102,1,0.0025,15089,15089,0,15089.0,0.0,15089.0,1,15089,15089,15089
800409,103,3,0.0075,15061,15165,104,15119.3333333,43.3922676162,45358.0,3,15061,15061,15132
801604,104,3,0.0075,15057,15107,50,15081.0,20.461345671,45243.0,3,15057,15057,15079
800704,105,5,0.0125,15052,15117,65,15082.2,24.0948127196,75411.0,5,15052,15052,15091
801605,106,1,0.0025,15094,15094,0,15094.0,0.0,15094.0,1,15094,15094,15094
801602,107,1,0.0025,15143,15143,0,15143.0,0.0,15143.0,1,15143,15143,15143
801704,108,3,0.0075,15102,15121,19,15114.3333333,8.73053390171,45343.0,3,15102,15102,15120
801702,109,8,0.02,15096,15127,31,15111.25,11.3330269566,120890.0,8,15096,15096,15105
801902,110,1,0.0025,15152,15152,0,15152.0,0.0,15152.0,1,15152,15152,15152
801703,111,2,0.005,15076,15120,44,15098.0,22.0,30196.0,2,15076,15076,15076
801603,112,1,0.0025,15123,15123,0,15123.0,0.0,15123.0,1,15123,15123,15123
800910,113,2,0.005,15046,15062,16,15054.0,8.0,30108.0,2,15046,15046,15046
801905,114,2,0.005,15129,15130,1,15129.5,0.5,30259.0,2,15129,15129,15129
800701,115,2,0.005,15073,15140,67,15106.5,33.5,30213.0,2,15073,15073,15073
800908,116,2,0.005,15138,15156,18,15147.0,9.0,30294.0,2,15138,15138,15138
801503,117,3,0.0075,15000,15089,89,15043.3333333,36.371539545,45130.0,3,15000,15000,15041
801501,118,3,0.0075,15006,15099,93,15044.3333333,39.6848697727,45133.0,3,15006,15006,15028
801502,119,4,0.01,15098,15134,36,15114.75,16.8430252627,60459.0,3,15098,15129,15098
801406,120,5,0.0125,15029,15109,80,15064.0,26.5028300376,75320.0,5,15029,15029,15063
801409,121,2,0.005,14988,15074,86,15031.0,43.0,30062.0,2,14988,14988,14988
801402,122,2,0.005,15075,15080,5,15077.5,2.5,30155.0,2,15075,15075,15075
801610,123,1,0.0025,15100,15100,0,15100.0,0.0,15100.0,1,15100,15100,15100
800710,124,3,0.0075,15093,15107,14,15100.0,5.71547606649,45300.0,3,15093,15093,15100
800702,125,1,0.0025,15072,15072,0,15072.0,0.0,15072.0,1,15072,15072,15072
800705,126,6,0.015,15084,15127,43,15096.1666667,14.2058282258,90577.0,4,15089,15084,15089
801609,127,3,0.0075,15081,15084,3,15082.3333333,1.24721912361,45247.0,3,15081,15081,15082
800708,128,1,0.0025,15127,15127,0,15127.0,0.0,15127.0,1,15127,15127,15127
800707,129,2,0.005,15065,15089,24,15077.0,12.0,30154.0,2,15065,15065,15065
800711,130,1,0.0025,15127,15127,0,15127.0,0.0,15127.0,1,15127,15127,15127
810304,131,2,0.005,15115,15124,9,15119.5,4.5,30239.0,2,15115,15115,15115
810405,132,4,0.01,15098,15172,74,15135.0,26.3153947339,60540.0,4,15098,15098,15131
810803,133,5,0.0125,15061,15119,58,15092.0,22.7332355814,75460.0,5,15061,15061,15099
810403,134,8,0.02,15106,15180,74,15146.875,25.5119457314,121175.0,7,15180,15106,15142
810302,135,2,0.005,15086,15086,0,15086.0,0.0,30172.0,1,15086,15086,15086
810305,136,2,0.005,15127,15135,8,15131.0,4.0,30262.0,2,15127,15127,15127
810303,137,3,0.0075,15074,15145,71,15107.6666667,29.1013554481,45323.0,3,15074,15074,15104
810404,138,4,0.01,15125,15196,71,15156.0,26.7675176286,60624.0,4,15125,15125,15140
810106,139,4,0.01,15094,15157,63,15112.0,26.1629509039,60448.0,4,15094,15094,15095
810801,140,1,0.0025,15096,15096,0,15096.0,0.0,15096.0,1,15096,15096,15096
810115,141,2,0.005,15079,15103,24,15091.0,12.0,30182.0,2,15079,15079,15079
810406,142,6,0.015,15047,15126,79,15086.0,27.9344470741,90516.0,6,15047,15047,15080
810805,143,2,0.005,15108,15161,53,15134.5,26.5,30269.0,2,15108,15108,15108
810701,144,2,0.005,15052,15079,27,15065.5,13.5,30131.0,2,15052,15052,15052
810702,145,2,0.005,15122,15146,24,15134.0,12.0,30268.0,2,15122,15122,15122
810703,146,3,0.0075,15080,15090,10,15086.0,4.32049379894,45258.0,3,15080,15080,15088
810117,147,3,0.0075,15072,15099,27,15087.3333333,11.3235251671,45262.0,3,15072,15072,15091
810704,148,2,0.005,15105,15129,24,15117.0,12.0,30234.0,2,15105,15105,15105
810402,149,6,0.015,15008,15098,90,15055.6666667,29.3579442215,90334.0,5,15042,15008,15042
810401,150,3,0.0075,15021,15078,57,15059.0,26.8700576851,45177.0,2,15078,15021,15078
810806,151,1,0.0025,15118,15118,0,15118.0,0.0,15118.0,1,15118,15118,15118
810116,152,1,0.0025,15035,15035,0,15035.0,0.0,15035.0,1,15035,15035,15035
810118,153,2,0.005,15047,15128,81,15087.5,40.5,30175.0,2,15047,15047,15047
810804,154,1,0.0025,15105,15105,0,15105.0,0.0,15105.0,1,15105,15105,15105
810807,155,2,0.005,15097,15103,6,15100.0,3.0,30200.0,2,15097,15097,15097
810204,156,5,0.0125,15086,15186,100,15124.6,45.0271029493,75623.0,4,15089,15086,15089
810203,157,4,0.01,15074,15190,116,15124.25,41.7395196427,60497.0,4,15074,15074,15116
810201,158,4,0.01,15094,15145,51,15117.0,18.614510469,60468.0,4,15094,15094,15109
810111,159,5,0.0125,15066,15167,101,15126.6,35.5223873073,75633.0,5,15066,15066,15129
810506,160,2,0.005,15066,15089,23,15077.5,11.5,30155.0,2,15066,15066,15066
810508,161,1,0.0025,15066,15066,0,15066.0,0.0,15066.0,1,15066,15066,15066
810509,162,1,0.0025,15157,15157,0,15157.0,0.0,15157.0,1,15157,15157,15157
810501,163,3,0.0075,15094,15158,64,15118.6666667,28.1108915235,45356.0,3,15094,15094,15104
810202,164,3,0.0075,15074,15101,27,15090.6666667,11.8977121995,45272.0,3,15074,15074,15097
810502,165,4,0.01,15132,15149,17,15142.0,6.28490254499,60568.0,4,15132,15132,15142
810505,166,2,0.005,15098,15166,68,15132.0,34.0,30264.0,2,15098,15098,15098
810504,167,5,0.0125,15055,15190,135,15114.2,49.8012048046,75571.0,5,15055,15055,15112
810105,168,4,0.01,15156,15227,71,15182.75,27.5079533953,60731.0,4,15156,15156,15164
810407,169,5,0.0125,15023,15144,121,15102.0,41.6028845154,75510.0,4,15120,15023,15120
810103,170,6,0.015,15107,15163,56,15119.8333333,19.6334465189,90719.0,5,15109,15107,15109
810206,171,5,0.0125,15035,15147,112,15091.2,47.3978902483,75456.0,5,15035,15035,15085
810808,172,4,0.01,15111,15170,59,15134.25,22.1852991866,60537.0,4,15111,15111,15122
810507,173,3,0.0075,15039,15077,38,15059.3333333,15.6276108926,45178.0,3,15039,15039,15062
810503,174,2,0.005,15050,15066,16,15058.0,8.0,30116.0,2,15050,15050,15050
810205,175,9,0.0225,14967,15107,140,15041.3333333,43.0838974818,135372.0,8,15107,14967,15040
810604,176,3,0.0075,15048,15085,37,15062.0,16.3910544709,45186.0,3,15048,15048,15053
802303,177,3,0.0075,15095,15128,33,15110.3333333,13.5728487138,45331.0,3,15095,15095,15108
800904,178,1,0.0025,15102,15102,0,15102.0,0.0,15102.0,1,15102,15102,15102
800607,179,1,0.0025,15011,15011,0,15011.0,0.0,15011.0,1,15011,15011,15011
801611,180,1,0.0025,15103,15103,0,15103.0,0.0,15103.0,1,15103,15103,15103
801608,181,1,0.0025,15081,15081,0,15081.0,0.0,15081.0,1,15081,15081,15081
800606,182,1,0.0025,15169,15169,0,15169.0,0.0,15169.0,1,15169,15169,15169
800913,183,5,0.0125,15078,15114,36,15096.0,13.608820669,75480.0,5,15078,15078,15099
800601,184,1,0.0025,15169,15169,0,15169.0,0.0,15169.0,1,15169,15169,15169
800903,185,1,0.0025,15105,15105,0,15105.0,0.0,15105.0,1,15105,15105,15105
801305,186,2,0.005,15095,15117,22,15106.0,11.0,30212.0,2,15095,15095,15095
801306,187,1,0.0025,15089,15089,0,15089.0,0.0,15089.0,1,15089,15089,15089
800902,188,1,0.0025,15051,15051,0,15051.0,0.0,15051.0,1,15051,15051,15051
800605,189,1,0.0025,15087,15087,0,15087.0,0.0,15087.0,1,15087,15087,15087
800612,190,2,0.005,15068,15087,19,15077.5,9.5,30155.0,2,15068,15068,15068
801906,191,1,0.0025,15096,15096,0,15096.0,0.0,15096.0,1,15096,15096,15096
800613,192,2,0.005,15027,15064,37,15045.5,18.5,30091.0,2,15027,15027,15027
801606,193,1,0.0025,15136,15136,0,15136.0,0.0,15136.0,1,15136,15136,15136
800706,194,4,0.01,15040,15112,72,15069.75,26.2714198322,60279.0,4,15040,15040,15061
800907,195,2,0.005,15120,15161,41,15140.5,20.5,30281.0,2,15120,15120,15120
801601,196,2,0.005,15117,15137,20,15127.0,10.0,30254.0,2,15117,15117,15117
